100
5
1 9
10 1
2 3
5 3
7 3
3
0 100
50 30
30 30
5
1 2
3 4
5 6
7 8
9 10
10
54 60
2 31
21 39
7 78
40 67
24 88
82 76
56 70
61 21
88 46
10
31 77
41 55
4 74
48 79
6 97
80 72
9 84
95 41
68 63
52 81
10
46 64
39 84
16 69
13 99
21 48
76 88
62 73
33 74
14 8
76 78
10
35 65
22 6
61 38
21 63
66 76
96 79
70 81
55 62
38 1
58 68
10
86 80
24 86
60 7
22 22
3 17
90 40
48 91
0 73
39 55
57 7
10
61 82
1 90
29 4
1 84
57 20
10 7
43 32
32 91
11 87
43 32
10
28 34
35 17
54 94
5 66
88 93
92 88
99 46
94 8
47 72
67 55
10
98 100
61 9
86 38
57 60
75 18
32 54
24 37
22 7
97 29
27 70
10
60 3
40 96
34 70
99 88
8 73
78 6
29 28
4 49
90 85
82 78
10
91 100
94 5
87 51
3 63
19 47
85 56
6 18
33 14
51 54
22 43
10
52 3
67 50
18 83
8 38
14 64
100 100
34 92
42 6
75 94
64 97
10
77 3
16 15
31 73
98 45
3 55
13 47
58 3
12 95
2 79
12 86
10
21 48
48 85
56 27
79 98
35 28
39 36
0 20
9 22
66 49
55 60
10
72 57
97 81
35 53
70 45
33 36
62 52
9 96
63 71
80 100
96 8
10
86 60
72 30
54 52
22 34
63 20
56 24
87 98
79 52
63 97
71 86
10
59 65
91 59
43 17
54 98
1 8
59 77
31 28
80 25
44 29
31 59
10
41 64
78 1
35 1
33 1
2 37
47 11
44 26
70 51
71 85
75 73
10
70 24
88 40
28 58
21 24
80 31
63 23
29 11
61 43
64 88
55 53
10
0 56
27 20
44 28
28 14
11 59
23 34
5 80
76 52
49 30
12 88
10
81 43
12 82
82 63
38 16
58 93
62 24
92 80
12 97
20 1
2 6
10
98 84
79 32
49 27
67 10
9 73
44 55
61 51
91 26
17 83
18 87
10
49 42
13 75
64 87
38 98
12 46
13 50
11 91
25 51
60 40
54 14
10
85 61
42 31
57 18
93 10
11 37
78 64
32 47
47 73
37 25
56 79
10
20 97
83 55
18 56
95 4
68 80
23 71
63 27
28 10
12 88
75 21
10
12 8
39 32
28 29
90 8
89 5
29 35
43 16
99 91
24 33
88 96
10
42 77
74 68
88 59
70 19
20 6
53 11
88 98
40 34
87 75
74 29
10
47 93
61 25
49 91
56 60
55 71
51 20
10 2
10 54
18 86
63 43
10
24 32
71 37
57 24
47 56
40 82
57 96
70 86
55 99
74 63
46 28
10
93 13
33 100
8 58
98 9
85 82
29 38
70 71
89 6
24 85
89 25
10
43 80
52 98
23 49
1 36
98 22
94 99
85 13
28 29
21 82
0 2
10
61 89
61 89
78 64
97 77
28 77
83 34
22 10
6 88
75 68
71 52
10
61 66
50 95
23 3
62 19
58 59
80 10
54 18
61 89
40 100
6 93
10
39 55
41 94
29 64
92 66
45 32
41 14
60 99
81 14
21 32
22 46
10
84 84
22 50
5 99
28 29
46 82
78 88
4 93
48 41
77 72
77 9
10
35 73
6 36
81 54
84 13
90 91
81 71
74 46
12 59
26 73
73 78
10
77 44
30 84
35 71
78 51
86 90
7 53
53 46
16 10
79 17
47 78
10
68 28
34 42
10 75
60 9
27 11
50 42
81 27
74 30
66 49
80 97
10
85 19
68 57
89 95
82 8
70 48
49 11
81 64
54 39
76 20
83 92
10
42 4
21 25
89 65
96 57
0 64
3 32
3 18
100 31
88 52
88 12
10
86 43
84 88
16 60
55 59
95 95
2 20
33 13
6 50
39 47
68 13
10
27 51
95 2
39 21
34 60
22 44
48 36
15 71
69 40
40 4
53 76
10
80 14
48 52
23 94
21 55
29 57
67 33
97 87
48 36
19 17
13 31
10
10 38
27 11
36 53
91 13
72 31
96 91
24 50
94 86
2 57
69 48
10
60 77
73 28
87 76
100 66
20 29
36 37
67 86
48 42
82 79
6 35
10
20 26
28 57
60 44
90 46
50 28
84 59
45 9
38 16
77 7
28 55
10
43 76
6 93
66 53
17 86
2 32
68 83
16 18
12 90
55 11
26 29
10
65 11
0 41
39 73
74 80
59 20
63 91
82 76
35 40
94 3
36 81
10
56 33
37 71
81 28
6 96
41 100
83 39
28 62
18 3
93 26
24 48
10
71 91
9 76
28 76
48 82
65 58
4 2
51 65
65 29
61 100
16 62
10
66 36
5 11
68 86
59 34
24 27
99 78
31 7
35 24
37 13
24 52
10
19 77
82 54
88 16
84 46
70 8
3 63
8 73
63 51
7 58
64 21
10
18 18
62 68
86 3
66 92
11 3
7 98
15 98
38 68
0 48
99 1
10
85 50
1 97
23 84
57 74
65 59
13 17
5 9
39 88
66 89
73 62
10
52 43
28 1
77 13
91 76
80 67
46 70
37 70
58 13
2 19
5 23
10
5 70
5 83
15 30
42 28
72 24
19 54
28 26
47 9
43 14
9 66
10
75 13
100 96
88 41
88 75
46 89
30 37
11 29
34 53
71 96
79 76
10
31 4
35 23
7 72
66 89
35 99
39 10
32 37
98 36
74 99
43 80
10
51 82
3 64
18 80
35 90
1 61
15 12
57 49
21 66
39 40
34 88
10
46 49
59 14
10 44
67 42
66 3
14 21
26 92
49 32
49 8
72 65
10
76 10
48 58
67 71
97 89
52 33
31 13
12 43
19 83
65 13
56 14
10
60 61
87 31
22 91
66 60
85 68
91 79
99 24
83 99
74 67
44 7
10
39 68
53 19
92 44
13 94
95 9
85 21
76 16
79 71
90 31
72 46
10
17 47
94 89
4 32
16 31
76 45
48 24
61 22
67 36
8 86
45 29
10
39 45
24 83
16 89
44 79
90 29
24 16
49 43
89 23
60 11
29 98
10
28 65
18 65
17 10
34 51
85 45
57 6
97 81
3 89
83 80
64 14
10
88 14
70 87
92 60
98 16
99 52
100 76
2 45
10 56
38 86
91 17
10
4 46
0 72
62 83
61 100
81 69
80 2
87 63
29 62
4 29
98 6
10
37 47
26 2
76 64
44 81
35 78
94 1
68 16
22 22
19 80
80 100
10
89 11
62 57
94 57
97 86
89 90
83 60
86 47
87 23
2 60
65 34
10
35 64
36 69
65 58
64 63
73 57
64 38
40 30
9 8
45 48
17 25
10
87 36
9 36
91 3
7 49
34 46
16 22
83 78
21 82
25 33
45 97
10
73 5
56 49
20 9
33 2
9 32
5 23
35 6
18 67
68 24
82 75
10
69 53
16 40
6 10
86 13
63 28
33 72
86 28
3 64
93 93
19 86
10
3 91
54 74
57 96
28 58
13 49
85 60
88 31
62 54
60 57
12 14
10
98 57
55 21
91 11
14 13
48 24
46 9
37 33
62 57
16 66
24 46
10
99 80
44 47
20 4
7 14
90 62
64 83
80 40
16 80
49 25
22 93
10
71 58
2 2
41 43
5 80
61 5
88 32
58 13
68 23
75 17
66 66
10
39 85
39 46
11 65
18 20
70 87
34 5
30 84
8 61
26 91
60 8
10
38 29
36 92
31 38
17 32
70 52
3 96
82 39
75 62
88 51
39 78
10
85 65
1 19
93 58
70 4
11 71
65 75
91 37
4 44
20 39
16 65
10
6 82
63 59
0 91
84 84
74 47
30 36
37 49
46 54
68 53
23 51
10
10 89
58 18
67 1
73 69
63 62
82 8
30 10
9 42
33 39
22 63
10
47 45
97 65
48 5
54 10
67 91
83 97
94 26
99 77
34 100
60 46
10
43 98
81 18
55 4
9 61
90 46
64 78
66 34
70 4
41 59
21 3
10
12 53
9 80
8 61
50 86
57 69
54 73
22 25
62 18
17 93
37 66
10
18 88
19 60
40 21
38 30
43 91
72 30
16 4
99 88
64 88
32 81
10
11 93
42 62
53 2
89 43
43 26
6 95
60 31
64 75
43 21
87 85
10
57 98
31 94
37 90
46 72
52 20
62 67
99 13
6 10
35 97
0 88
10
18 9
64 97
20 60
88 7
52 2
8 36
13 96
81 52
6 8
41 54
10
43 1
88 13
95 8
34 40
1 61
52 2
56 42
93 67
38 61
70 4
10
20 57
5 66
74 69
64 91
61 67
51 100
61 70
100 24
11 9
92 90
10
39 49
70 72
99 2
40 22
2 78
43 13
32 96
31 91
68 4
56 58
10
45 33
64 78
90 10
88 27
52 73
39 93
91 89
72 13
85 39
62 4
10
46 75
97 29
36 39
79 35
72 48
10 52
92 41
32 18
28 80
41 35
10
99 49
48 65
28 98
94 15
78 17
25 90
83 24
87 71
16 66
78 56
10
18 55
65 46
38 61
59 54
100 73
65 70
27 93
83 87
60 97
72 82
10
9 7
62 78
15 37
77 14
0 49
21 75
2 57
80 50
42 31
69 29
