50
2 2 5 71 68 0
?3
2?
2 3 4 78 45 34
??1
131
2 4 4 70 41 40
?2?2
?13?
2 5 4 93 53 37
?33??
4442?
2 6 9 100 28 11
72??52
?3755?
2 7 7 86 84 44
2651112
7125475
2 8 9 80 66 13
?2?12??2
42112181
3 2 6 52 47 0
2?
?1
??
3 3 3 76 68 3
112
111
231
3 4 8 71 52 42
5575
4???
54?8
3 5 6 66 63 25
?5462
65?53
12?6?
3 6 4 99 39 29
?43343
13?4??
114314
3 7 8 91 69 22
?227752
5??6354
1?21432
3 8 8 39 7 4
?734?351
17778514
35??6438
4 2 2 81 21 18
22
2?
??
?1
4 3 3 69 64 31
211
?31
1?2
??1
4 4 5 99 4 3
32??
3?21
432?
3444
4 5 4 32 7 6
233?2
42423
3411?
24214
4 6 2 97 87 68
111122
?12111
222212
21112?
4 7 3 41 34 29
2123312
2132221
3211123
2331132
4 8 8 99 54 7
724??543
73726258
11?27865
8?888447
5 2 4 84 34 17
?3
?4
44
?1
?2
5 3 5 91 70 47
2??
435
3?3
?22
435
5 4 4 61 37 34
4431
131?
?1?3
3332
2?44
5 5 9 59 44 8
27229
98467
529?7
97975
9664?
5 6 3 63 55 14
113332
?3131?
222113
?2?332
112233
5 7 9 81 52 7
441??5?
5582963
4466457
6361169
6889?45
5 8 8 96 76 42
82138?83
11161877
?8751756
67628863
36138877
6 2 3 45 20 19
?3
31
33
??
3?
12
6 3 8 80 54 9
??6
572
85?
752
7?1
413
6 4 4 54 14 8
4343
1322
134?
2444
3311
1414
6 5 3 94 36 14
13231
2323?
213?3
23?2?
22133
12111
6 6 8 41 38 22
138445
645444
153617
31178?
323882
474571
6 7 7 42 36 33
5?3677?
7325567
3737233
771?526
3?17361
7163354
6 8 7 96 83 80
32?45473
67747337
475541?3
77153371
1?776552
?1616613
7 2 7 98 29 12
11
17
6?
37
3?
?6
?3
7 3 7 86 58 49
4?4
35?
777
533
147
676
511
7 4 3 74 69 35
?223
2113
3112
3133
112?
?1?1
2212
7 5 2 76 61 34
22122
1??22
22221
?1211
12?21
21211
21121
7 6 2 72 21 18
122122
2111?2
12211?
2?2112
212111
111212
112221
7 7 2 96 36 3
2?21111
1121122
2212212
1?11211
2111112
2221??2
1112121
7 8 8 38 27 25
53136?16
81875586
46144652
434827?2
61185173
41881224
8??21631
8 2 5 90 75 18
33
24
41
44
52
24
?4
32
8 3 7 49 28 5
777
?33
551
14?
34?
155
344
67?
8 4 7 88 61 30
7755
3113
772?
2554
1?15
?246
6136
?627
8 5 6 79 61 5
34632
45431
6651?
14511
?5525
??113
12643
52646
8 6 4 91 65 16
21134?
113414
113244
332442
211414
433114
34112?
233123
8 7 4 89 80 9
22313?2
4333?11
3312442
3133131
2142441
?134331
?324423
4231144
8 8 9 91 57 0
47734214
34138548
81647622
892?8?35
?7483942
2943?883
69491431
67343882
8 8 7 81 60 30
1667?571
25?61762
37632754
713352?6
45357625
57547721
61322131
211574?5
