50
2 2 6 83 62 57
??
??
2 3 2 100 64 54
?2?
??2
2 4 3 82 33 11
??23
?11?
2 5 5 97 34 2
??54?
35?44
2 6 6 83 5 2
122162
214412
2 7 3 71 65 38
3123131
1232131
2 8 6 48 31 31
??366?42
365554?1
3 2 4 73 42 12
?2
??
1?
3 3 6 81 57 18
314
2?3
4?2
3 4 8 22 17 12
62?7
?537
??43
3 5 7 64 43 35
14477
27??6
?6?25
3 6 2 27 18 8
1121?1
1?1222
1111??
3 7 7 47 31 7
765?141
7267?22
674?74?
3 8 6 79 72 17
23552451
32413433
65535135
4 2 2 99 99 14
22
??
??
12
4 3 2 41 30 12
2?2
2??
22?
211
4 4 6 64 15 7
5324
?414
6546
42?5
4 5 6 47 37 31
35?4?
?4333
62252
625?3
4 6 2 99 92 46
?22111
211221
212221
2?12??
4 7 5 51 18 14
21245?5
?52?241
4541351
214241?
4 8 3 97 55 41
21313323
213311?1
3232?32?
1121312?
5 2 2 92 72 28
?2
?2
?1
2?
21
5 3 3 58 40 19
?33
111
233
?31
1?1
5 4 4 81 29 28
2121
?33?
4442
3123
?233
5 5 6 40 40 7
51256
?2?63
1542?
63511
161?4
5 6 3 27 19 2
2213?2
2?2112
132212
232323
232133
5 7 3 80 43 20
1331121
3211111
1231331
2212233
2132223
5 8 2 55 42 36
21111122
22112221
22111222
2?1?1112
?221122?
6 2 5 50 37 28
?2
13
?2
?4
?3
23
6 3 7 42 24 20
511
?26
1?5
721
?36
?56
6 4 3 71 71 66
1123
2221
1333
2223
1131
1221
6 5 5 71 44 32
53?45
??533
21234
22451
32143
5?231
6 6 5 72 8 2
251223
41355?
151413
5?5124
1?4533
4?4313
6 7 4 90 49 24
3111333
43113?4
1311421
4?341?3
3224422
42?2444
6 8 4 88 73 45
333233?1
11412113
42421?4?
21314423
114?1431
34413241
7 2 8 90 90 4
13
54
4?
81
36
?8
74
7 3 4 50 21 17
211
113
331
323
123
112
233
7 4 4 95 39 5
3333
2???
3134
2313
?442
4313
2321
7 5 4 55 50 32
33141
44312
11114
?4343
12314
22?4?
?4134
7 6 2 86 56 39
12112?
211112
111?11
12112?
212221
211221
11212?
7 7 6 87 56 35
?563251
4562343
4224664
6343412
4431234
4565221
326155?
7 8 9 91 80 33
?8319595
63136281
?6374927
?8257877
49617837
22667623
55816585
8 2 7 56 35 2
46
??
45
37
?6
65
76
?6
8 3 6 94 41 38
565
465
355
?51
13?
542
?21
?42
8 4 4 99 75 46
33?3
?222
4343
1412
2133
1142
3??2
4111
8 5 9 71 34 10
41954
648?5
?8?9?
82473
39473
91695
27643
97557
8 6 4 76 62 60
3?2?33
222322
224131
341443
432411
344342
131431
24?3?1
8 7 9 96 80 71
6271277
5794631
4699586
?547898
6427485
5?271?6
8256918
6?65965
8 8 3 68 42 13
23113233
232331?1
121?3211
11211232
33211123
23?13123
32313223
11222?22
8 8 8 65 11 3
7251135?
18356615
54334841
85584282
51658434
37?2534?
466?3653
46325626
