100
1864 1575 1994 1470
1633 1584 1564 486
1437 1392 1643 1269
1572 1180 1742 30
1570 1489 1816 214
1948 1673 1720 1175
1547 1480 1872 213
1352 1109 1634 856
1338 1045 1989 726
1281 1978 1822 455
1897 1468 1854 1481
1722 1860 1684 1411
1858 1095 1650 1128
1108 1796 1797 749
1529 1654 1894 1150
1699 1228 1892 1239
1475 1577 1834 576
1262 1423 1675 1117
1195 1055 1726 1167
1848 1709 1749 915
1973 1350 1803 515
1097 1783 1841 898
1459 1376 1925 904
1806 1923 1781 535
1810 1640 1678 703
1885 1120 1511 1864
1725 1174 1679 1557
1689 1139 1715 789
1131 1270 1550 553
1757 1810 1531 10
1714 1803 1711 1091
1684 1977 1566 219
1736 1984 1915 725
1720 1387 1646 686
1400 1284 1850 884
1811 1600 1564 881
1689 1335 1543 1374
1697 1993 1704 301
1165 1358 1501 465
1415 1105 1987 1217
1994 1855 1783 1897
1116 1744 1519 840
1610 1197 1849 569
1171 1369 1679 688
1255 1124 1567 1072
1002 1675 1907 401
1162 1215 1823 423
1563 1968 1527 1307
1041 1066 1722 157
1147 1160 1926 33
1608 1551 1502 894
1992 1146 1752 555
1481 1166 1615 1135
1010 1001 1852 239
1931 1421 1961 297
1010 1575 1740 655
1471 1167 1978 1276
1813 1565 1930 1327
1352 1131 1708 166
1470 1467 1957 1127
1447 1849 1712 573
1417 1061 1656 1233
1547 1558 1906 778
1655 1787 1544 186
1628 1228 1879 1211
1095 1401 1997 353
1328 1704 1703 878
1226 1357 1778 933
1344 1217 1754 959
1639 1135 1827 1408
1756 1057 1861 20
1439 1342 1619 1274
1097 1527 1587 1066
1524 1202 1790 1135
1258 1969 1981 1203
1117 1307 1974 941
1144 1604 1711 1073
1297 1157 1609 39
1142 1276 1887 361
1735 1861 1554 1704
1082 1942 1749 670
1992 1971 1511 1557
1718 1089 1696 1610
1113 1434 1819 460
1540 1291 1906 1379
1853 1407 1551 1167
1296 1018 1522 100
1643 1949 1568 561
1404 1543 1837 936
1752 1045 1662 514
1328 1489 1738 633
1214 1063 1888 675
1733 1513 1965 366
1508 1161 1896 1087
1238 1248 1813 712
1651 1717 1943 1569
1711 1180 1657 63
1724 1708 1530 597
1744 1590 1763 537
1623 1532 1772 1209
