100
0 9 2 1
0 2 2 1
18 17 2 2
16 11 6 4
2 11 2 2
12 19 14 8
4 14 11 9
0 2 2 1
2 6 1 1
0 16 5 5
14 1 2 1
15 6 6 5
14 6 14 1
9 2 11 8
5 8 3 1
6 6 12 7
16 2 17 12
3 2 3 3
15 4 13 12
11 11 3 3
1 2 2 2
9 0 5 2
5 17 6 5
8 17 16 3
0 17 13 4
10 20 12 1
0 9 7 1
17 16 20 10
14 8 13 5
19 8 16 3
6 14 6 1
15 11 20 9
13 12 10 7
13 7 11 8
11 3 13 11
4 5 8 2
5 17 7 5
1 4 5 1
4 20 11 2
1 4 4 1
0 14 1 1
0 11 4 1
4 17 16 16
10 3 6 2
7 6 10 5
20 5 9 3
10 5 6 2
7 15 15 4
17 8 5 1
10 3 6 5
8 17 17 17
0 19 2 1
7 1 5 2
4 15 12 4
15 5 19 18
6 17 5 1
4 11 13 5
5 2 7 1
10 11 11 4
3 4 5 3
9 6 11 11
18 8 1 1
1 1 1 1
5 3 3 2
11 20 6 6
5 3 8 6
4 11 6 1
17 7 14 8
3 18 8 6
6 7 11 3
8 10 7 7
12 7 16 2
18 6 16 9
19 0 4 2
7 9 3 1
11 16 16 8
9 7 4 2
0 5 5 1
0 13 1 1
17 13 18 7
15 20 10 1
2 11 6 4
1 3 4 1
2 20 20 13
18 0 8 6
5 12 9 5
5 13 2 1
5 13 13 10
2 11 1 1
18 4 9 1
0 9 4 1
8 9 7 3
5 11 14 9
9 4 5 1
1 6 3 1
6 19 2 2
8 10 5 3
2 5 6 1
6 8 7 4
3 18 8 4
