100
9 11 10 2
16 5 9 1
14 20 3 3
2 13 13 11
8 5 13 1
1 6 5 5
7 0 6 6
18 4 3 3
20 0 7 4
16 8 17 7
16 8 20 2
4 17 3 3
19 9 10 8
2 0 1 1
11 6 7 5
7 7 13 12
19 15 6 2
4 0 2 2
17 5 12 2
10 15 16 16
2 8 5 3
19 5 8 2
3 13 15 1
3 11 6 6
11 1 1 1
5 16 12 3
7 18 7 3
4 0 3 2
3 9 3 3
15 5 7 5
20 9 19 8
13 5 7 6
9 3 6 1
16 14 17 3
2 16 6 2
6 7 1 1
2 10 7 7
10 9 10 5
20 19 14 14
0 12 1 1
11 0 6 6
15 9 5 2
9 14 2 1
4 16 13 7
8 4 5 5
7 9 9 1
16 7 9 4
16 7 4 4
16 4 14 1
15 2 3 1
15 1 15 12
2 8 10 6
5 19 6 6
8 4 8 5
0 1 1 1
11 17 2 1
16 2 9 6
11 0 11 10
18 10 7 1
12 8 9 2
16 2 15 15
8 2 8 4
15 3 13 13
2 17 5 2
12 7 11 1
20 1 7 3
18 14 6 4
12 19 9 9
2 0 1 1
3 0 2 1
10 5 7 3
1 1 2 1
15 7 15 11
16 18 18 1
1 15 2 2
18 5 6 4
14 7 19 2
1 5 1 1
10 14 8 4
1 3 3 1
15 6 3 3
9 0 6 6
6 15 14 7
13 20 12 1
16 14 19 18
3 13 4 1
0 7 3 1
9 16 14 7
3 0 1 1
2 7 8 6
12 13 12 12
0 9 7 1
18 19 8 6
5 4 6 4
5 9 6 3
19 11 3 3
4 20 3 3
11 9 5 5
16 5 8 1
16 16 6 5
