1000
771 31
81 12
987 18
248 66
334 16
74 10
735 13
126 5
995 31
131 7
786 110
727 12
412 61
337 6
377 19
924 7
592 27
833 21
171 4
23 23
83 7
87 32
309 11
553 11
589 3
668 18
583 24
288 71
825 50
513 57
26 26
508 5
662 37
631 14
645 8
651 7
603 34
548 20
972 14
983 5
975 2
16 12
272 32
349 3
787 2
208 11
780 2
753 13
642 9
449 5
298 15
295 40
165 6
489 13
844 6
998 2
200 14
66 3
896 16
73 3
766 5
421 25
214 63
706 11
993 6
767 20
554 22
268 33
893 6
36 4
775 36
488 44
805 4
204 12
607 22
840 70
858 32
167 65
201 16
124 27
144 13
968 2
471 14
390 75
137 53
830 28
381 49
79 9
275 15
108 25
388 15
576 6
977 3
114 8
136 14
752 2
209 3
17 6
220 6
48 48
216 9
255950 16
63211 3
341461 9
168937 3
551100 8
207718 6
68274 3
83232 64
504458 28
522305 59
88870 23
448621 3
337155 7
241461 10
175373 3
196884 3
587192 3
586351 6
596792 53
37920 7
486007 10
411798 5
138284 56
428800 5
511946 9
421713 8
203984 5
453767 3
598507 14
575758 20
416052 26
308164 9
57570 43
380288 17
245270 24
527073 15
28065 7
494918 13
289692 52
592057 35
573847 20
369763 6
97762 12
554051 30
197318 12
74309 16
480752 34
546065 8
150280 11
11723 18
23809 21
129683 5
129338 21
145440 6
65498 19
193467 11
545307 37
147973 4
287069 25
40139 24
60578 8
103643 6
238829 42
90002 28
435535 20
493085 66
137488 8
178373 19
381170 19
378087 11
576501 25
291110 51
1386 23
398477 9
13977 25
221902 3
477707 3
80016 4
519251 10
580351 13
480344 23
359627 61
332967 33
118995 8
401558 56
160786 5
52626 18
485731 5
145587 42
290787 32
586885 5
81819 7
222808 13
291923 5
578564 6
453886 4
333754 26
131741 3
259815 259815
588433 29
542091 32
53732 3
553334 7
193365 10
298697 14
464965 5
478694 16
76957 8
470950 30
363086 17
28804 4
567468 14
263200 32
277314 3
120626 7
524367 8
474297 26
49023 8
550291 13
266542 14
579794 17
64414 8
560361 23
60035 58
586697 31
322964 35
506418 36
271988 10
558013 21
2133 30
468809 31
233223 4
170024 16
8490 7
499743 8
64471 3
95545 5
283106 18
397383 12
376782 15
243157 4
244314 4
287532 4
522250 12
513144 76
367134 3
283011 29
567873 11
267324 6
126474 30
968825 13
819396 21
913198 21
902323 22
601598 24
830920 30
681255 8
902384 22
711533 26
662085 10
648888 24
948020 9
697039 17
610379 5
939045 7
750497 3
846566 5
790670 13
877179 19
771367 17
693281 18
614322 82
697461 6
876776 50
716303 19
841208 15
692803 34
879961 8
827167 19
960731 16
736999 5
851211 29
925077 4
995339 7
705253 4
656969 12
839915 11
799234 8
814636 26
821176 51
928886 12
648772 56
855628 47
605716 9
953278 42
875040 37
683138 9
639034 6
982469 982469
709306 19
991286 10
740001 5
791565 10
799012 3
946827 6
606887 55
865521 34
636750 2
635269 5
942626 41
747712 8
739314 12
731813 39
622045 2
744004 4
973149 4
954347 14
702079 2
795505 28
714592 4
799214 3
649610 22
755963 8
750275 22
656659 20
841077 4
796945 18
916436 32
680558 41
625041 3
689277 28
705312 9
769716 43
720478 3
911212 17
767733 7
911335 28
835575 13
824277 18
710035 9
954355 24
642994 26
787657 10
742577 7
837216 3
771726 50
956740 9
785049 3
772831 9
932735 7
651599 46
878644 45
714893 6
679248 9
987910 34
743084 77
701423 24
996287 17
648351 35
776453 15
693059 5
784233 7
820994 2
848660 58
619940 2
633771 61
666023 11
874952 19
684445 14
915614 4
673699 10
722922 6
984002 21
610404 12
900746 5
920064 5
986540 8
769840 37
629183 21
868469 9
699935 6
797347 15
875006 4
769145 33
933197 30
667398 11
782458 4
876845 6
797891 33
869294 10
936858 17
708092 37
605442 101
604219 28
976578 8
622090 10
602529 16
683315 9
805784 805784
751755 24
770955 18
672989 10
817838 39
813800 13
954079 11
645054 4
957185 71
999703 6
908454 23
790877 29
981526 39
893539 29
842828 48
645933 14
970452 10
870527 5
791733 17
913357 6
813038 4
911488 4
739894 6
994567 10
708866 14
720064 11
842088 11
831923 33
771213 35
931144 14
785554 6
638110 10
876794 16
801401 10
725031 4
922855 78
788207 19
643583 23
951527 12
629673 6
799622 22
969234 13
910879 4
806881 91
821478 53
936190 47
963531 17
787384 14
975083 8
779297 38
904460 3
775072 10
647198 68
791679 6
677317 9
748711 53
901849 8
700561 7
600487 25
896849 19
705261 2
889642 53
645926 10
970023 32
713226 14
875367 17
998116 2
685678 22
950422 56
713557 56
781475 8
658200 55
976034 8
913682 9
936212 16
685720 10
730524 43
935546 64
644323 22
859029 22
974144 12
783824 2
724540 11
777338 45
759127 11
731060 30
762009 2
940636 19
714002 18
913810 6
787830 6
771883 36
703074 9
896459 79
860523 4
679257 3
838857 5
604263 12
780078 23
916897 12
941136 941136
952344 39
934161 5
951761 46
952164 8
954055 39
931309 51
988374 15
927037 5
961139 3
963127 6
904858 31
917317 19
990094 7
911263 15
925887 8
970312 38
961537 20
945093 30
944399 4
964798 2
963134 10
946845 15
903493 10
959326 56
922256 40
952263 14
955066 17
942195 9
936637 38
993032 16
958583 6
967499 46
926278 29
900017 11
927175 8
901800 3
913015 7
918969 24
977322 7
986847 27
912062 81
997549 144
907695 27
923476 68
997829 7
979027 12
968399 5
915072 2
983341 92
975915 18
962609 2
936677 9
975306 2
909500 10
956096 18
978767 7
969571 25
994130 8
943543 16
938545 31
952738 34
914192 27
936771 13
994791 8
925792 8
915929 4
910584 13
989244 51
910709 6
901440 35
992424 16
989230 10
934034 61
987197 2
936450 2
903500 43
956316 3
985484 38
927229 24
986028 12
962610 8
943173 2
919983 8
946767 20
918153 2
978648 26
914815 16
998944 9
986870 18
943041 15
978107 22
913728 12
975704 32
972396 4
960303 31
969498 10
978218 18
930871 10
968746 15
987425 987425
912114 17
942463 8
971206 29
952078 80
930620 17
982561 2
925269 89
944149 24
983945 26
917029 55
968591 19
940838 23
927277 5
913406 34
949977 27
911037 9
976915 4
946710 4
957318 12
915702 14
959848 13
970296 6
988432 16
942752 2
957311 49
910029 42
903749 25
967826 3
993841 27
955065 7
982155 25
948051 7
906204 46
936580 17
934857 14
986336 20
947960 15
975323 16
929230 2
962266 38
989287 12
901215 5
920655 24
925995 16
951852 9
955601 9
951688 2
938566 28
973864 19
940226 24
906563 5
932458 16
988848 2
977838 20
953912 57
957508 9
917316 78
997146 10
994764 13
972819 10
951065 12
948508 26
904941 9
945044 5
904329 8
976101 32
932211 10
927067 43
924573 9
937163 11
961344 3
996315 37
981901 3
989335 18
978328 24
956301 8
941251 2
969057 5
957731 3
989094 4
904844 3
975836 2
970855 38
959493 10
986700 4
970248 11
934612 79
904191 3
972302 13
949185 3
957926 10
972611 6
907034 26
963520 10
948889 8
957381 20
988352 27
959094 43
924761 2
941393 941393
990007 28
938034 23
955217 13
946639 26
940177 8
953156 46
930606 39
965085 50
933603 12
913788 15
946386 11
987130 27
931546 20
985233 17
910530 12
977412 33
998939 9
910909 6
911980 11
900054 3
990038 8
900409 11
946822 2
996173 12
928714 10
976242 15
935035 15
900582 61
949833 3
983768 5
908039 6
956840 19
951923 3
925517 28
950451 15
927543 8
933945 10
938530 25
958622 5
976638 24
952040 3
990120 10
936434 33
947711 111
943386 56
931357 3
949242 25
991735 12
939598 23
987588 13
985541 21
974545 6
998209 11
956546 3
983345 5
940573 7
947859 12
921706 82
919894 4
926922 22
969142 12
972192 9
959610 7
941846 13
960735 6
944487 17
960808 16
970720 8
949076 7
905666 12
984798 18
941416 2
966361 7
908933 13
981126 33
926732 17
953004 53
943584 12
956342 3
983023 2
910784 14
940776 2
951349 21
928431 3
921917 8
948597 4
999299 6
935523 22
997925 3
973961 29
970167 4
909140 18
945994 49
907906 27
976105 5
925193 6
951296 9
923883 10
986744 4
970530 970530
935580 3
958800 34
910083 5
963580 18
939708 21
966297 5
993424 32
911047 12
915871 39
985543 12
999966 6
922563 11
996467 15
971839 57
947324 3
911066 6
993551 2
994390 24
991653 83
900224 6
915268 5
990711 18
953095 31
993443 6
901352 28
950374 34
971863 2
940404 32
980225 7
910387 8
928648 59
941460 8
971714 8
958773 10
963380 57
932512 6
927639 19
916567 7
940772 17
937376 6
910169 37
993699 10
923679 6
943583 6
924491 30
921807 12
920502 17
982972 4
994176 13
954208 16
936960 6
986152 4
942201 15
930868 57
980610 18
963790 4
958638 10
926174 3
998864 18
944044 3
967037 15
903868 6
935119 30
988598 40
932272 7
936881 7
987509 4
949022 5
908541 6
938463 79
977315 17
952539 7
949412 11
941726 13
962589 11
986679 9
935300 13
965069 12
995982 35
926166 3
953518 10
919997 18
906595 63
901409 16
963141 2
920988 10
943593 65
997482 51
926279 20
923434 13
961908 6
957531 36
983074 20
901314 15
976199 19
914146 65
994849 25
976193 22
995298 31
913030 913030
934028 9
949277 2
929266 15
903193 92
952580 3
918093 29
981029 12
911648 3
941101 59
939348 14
966730 7
959768 10
916632 10
902624 10
901405 10
997252 3
984719 5
969949 46
995008 7
989712 17
928480 3
919945 35
900460 5
950322 4
909043 4
984378 33
980784 22
925725 6
936192 7
933322 50
936904 14
945506 2
941705 4
967687 6
938868 9
924288 29
918552 28
904405 2
998742 13
959077 2
950978 15
993086 42
913008 11
967229 34
993081 39
944231 49
932952 21
959115 2
953363 68
900927 9
983262 7
935852 29
933948 23
992229 5
956016 6
944723 16
982020 10
968735 24
952609 13
975377 44
951865 18
922636 17
956320 4
907993 5
959250 20
912270 17
976330 11
951285 20
979962 4
944103 6
976968 7
973322 8
981746 45
930333 24
996012 5
990945 28
971505 33
994626 41
914645 4
939358 2
955805 14
946781 6
971365 4
970361 14
944758 4
963497 33
915930 27
944612 88
950573 21
940885 40
957609 124
931075 9
956867 3
959306 25
963960 42
910522 4
967347 24
921964 2
950387 24
1000000 1000000
