4
11
0 0 0 0 0 0 0 0 0 0 0
1 1 1 1 1 1 1 1 1 1 1
2 0 0 0 0 0 0 0 0 0 0 300
2 3 0 0 0 0 0 0 0 0 0 310
2 0 4 0 0 0 0 0 0 0 0 320
2 0 0 5 0 0 0 0 0 0 0 350
2 0 0 0 6 0 0 0 0 0 0 340
2 0 0 0 0 7 0 0 0 0 0 370
2 0 0 0 0 0 8 0 0 0 0 3560
2 0 0 0 0 0 0 9 0 0 0 340
2 0 0 0 0 0 0 0 10 0 0 270
2 0 0 0 0 0 0 0 0 5 0 330
2 0 0 0 0 0 0 0 0 5 4 550

2
0 0 0 0 0 0 0 0 0 0 0
0 0 3 0 0 3 0 0 3 0 0
0 0 1 0 0 1 0 0 1 0 0 3075
0 0 1 0 0 2 0 1 0 0 0 3082
2
0 0 0 0 0 0 0 9 0 0 0
0 0 4 0 0 6 0 0 2 0 0
0 0 1 0 0 1 0 0 1 0 0 3075
0 0 1 0 0 2 0 1 0 0 0 3082
3
0 0 0 0 0 0 0 0 0 0 0
0 0 4 0 0 6 0 0 3 0 0
0 0 1 0 0 1 0 0 1 0 0 3075
0 0 1 0 0 2 0 1 0 0 0 3082
1 2 3 4 5 6 7 5 4 3 2 3093

