2
12 13
0 0
5 7
2 2 1 1 1 1 1 1 1 1 1 1
2 2 2 1 1 1 1 1 1 1 1 2
2 2 2 2 1 1 1 1 1 1 2 2
2 2 2 2 2 1 1 1 1 2 2 2
2 2 2 2 2 2 1 1 2 2 2 2
2 2 2 2 2 2 2 2 2 2 2 2
2 2 2 2 2 1 1 2 2 2 2 2
2 2 2 2 1 1 1 1 2 2 2 2
2 2 2 1 1 1 1 1 1 2 2 2
2 2 1 1 1 1 1 1 1 1 2 2
2 1 1 1 1 1 1 1 1 1 1 2
1 1 1 1 1 1 1 1 1 1 1 1
1 1 1 2 2 2 2 2 2 2 2 2 1
1 1 1 1 2 2 2 2 2 2 2 1 1
1 1 1 1 1 2 2 2 2 2 1 1 1
1 1 1 1 1 1 2 2 2 1 1 1 1
1 1 1 1 1 1 1 2 1 1 1 1 1
1 1 1 1 1 1 2 1 1 1 1 1 1
1 1 1 1 1 2 2 2 1 1 1 1 1
1 1 1 1 2 2 2 2 2 1 1 1 1
1 1 1 2 2 2 2 2 2 2 1 1 1
1 1 2 2 2 2 2 2 2 2 2 1 1
1 2 2 2 2 2 2 2 2 2 2 2 1
12 13
0 0
5 7
1 1 2 2 2 2 2 2 2 2 2 2
1 1 1 2 2 2 2 2 2 2 2 1
1 1 1 1 2 2 2 2 2 2 1 1
1 1 1 1 1 2 2 2 2 1 1 1
1 1 1 1 1 1 2 2 1 1 1 1
1 1 1 1 1 1 1 1 1 1 1 1
1 1 1 1 1 2 2 1 1 1 1 1
1 1 1 1 2 2 2 2 1 1 1 1
1 1 1 2 2 2 2 2 2 1 1 1
1 1 2 2 2 2 2 2 2 2 1 1
1 2 2 2 2 2 2 2 2 2 2 1
2 2 2 2 2 2 2 2 2 2 2 2
2 2 2 1 1 1 1 1 1 1 1 1 2
2 2 2 2 1 1 1 1 1 1 1 2 2
2 2 2 2 2 1 1 1 1 1 2 2 2
2 2 2 2 2 2 1 1 1 2 2 2 2
2 2 2 2 2 2 2 1 2 2 2 2 2
2 2 2 2 2 2 1 2 2 2 2 2 2
2 2 2 2 2 1 1 1 2 2 2 2 2
2 2 2 2 1 1 1 1 1 2 2 2 2
2 2 2 1 1 1 1 1 1 1 2 2 2
2 2 1 1 1 1 1 1 1 1 1 2 2
2 1 1 1 1 1 1 1 1 1 1 1 2



2
1 2
0 0
0 1
1
2 2
0 0
1 1
1
1
3 2

