1000
1 1 0 0 1 0 0
1 2 3
-4 -5 -6
-7 -8 9
3 1 1 1 1 1 1
3 1 4
1 5 9
2 6 5
1 0 0 1 0 1 0
4604 -92388 -66935
52971 4185 -90913
-73656 -25932 5132
1 0 0 1 1 0 0
-9198 -72647 -5642
-10961 77901 53868
52489 17932 60055
1 0 0 1 0 0 1
76158 -70510 -76116
-71059 58784 9087
-71973 1858 -71746
1 0 0 1 1 0 0
-96354 -80223 -68421
-31638 69486 -4201
57246 86187 -47555
1 0 0 1 1 0 0
20465 -79700 -20902
98584 47109 -36744
-10098 6606 76581
1 0 0 1 1 0 0
-44989 -1142 -98941
4889 -26247 26928
-48196 -56719 6843
1 0 0 1 1 0 0
-97047 87212 49111
69394 87158 -37647
120 24891 -48352
1 0 0 1 0 0 1
-12355 87650 -15456
77844 33284 77378
26880 -51312 96392
2 1 0 1 1 0 1
-38425 -53597 46107
-31247 68324 -27947
74814 -32282 16097
2 2 0 0 1 0 1
49008 98247 -37353
27634 56704 71975
-92015 12437 41226
2 1 0 1 0 0 2
-303 -33814 48491
-29035 14976 -54946
-95375 57587 42909
2 0 2 0 1 0 1
-3886 -20622 -29598
15956 27659 -35687
64719 -45014 40863
2 1 1 0 1 0 1
-50363 22500 -91584
85977 -89450 -16288
-58733 53568 9775
2 2 0 0 1 1 0
-65836 -14061 -97259
-90395 -5978 14711
73781 39494 -72148
2 1 0 1 1 1 0
-43120 89023 -8190
16734 -61316 99886
75510 -6685 -35538
2 1 0 1 2 0 0
-96931 -38766 -13153
-97328 38323 16421
48139 -32865 -4385
2 1 0 1 1 0 1
91650 -45374 90616
78574 73311 -76831
2199 78934 97787
2 1 0 1 1 0 1
36256 72850 -78173
44060 53528 54980
26199 84756 -55343
3 1 0 2 0 1 2
19964 -65593 -20911
91070 34119 42267
-39862 50943 -16189
3 1 1 1 1 1 1
-44816 38083 -67439
84841 -31364 58223
-52916 -4838 336
3 1 2 0 2 1 0
-72727 -38938 80471
-24740 76885 64407
-27345 9578 93761
3 2 0 1 2 0 1
-99376 7069 -75010
60722 78542 -6309
-52478 42711 4204
3 1 1 1 0 2 1
-8646 94552 -27482
-15800 16851 -55172
-19828 65360 79592
3 2 1 0 1 1 1
-49242 71617 70945
7622 10099 61571
-17516 -38776 -51542
3 1 1 1 1 1 1
-97320 55265 -63383
-16610 16152 41142
76844 47220 79343
3 1 1 1 0 2 1
18209 6448 -84759
94020 42282 -70883
-252 -6164 -54107
3 0 3 0 1 1 1
-1744 -87960 73187
-95790 -17382 87150
60865 -34891 30394
3 2 1 0 2 0 1
55810 -95162 -45393
-32845 43566 65749
-29128 34608 49682
4 0 1 3 1 1 2
-58095 -42627 16387
-27300 -9573 69885
32913 -91629 44031
4 0 2 2 0 3 1
-94497 52830 23945
-32702 -96575 -59667
-89605 39245 46082
4 3 0 1 1 1 2
64074 87818 -95913
-71202 42590 74942
5497 65440 84684
4 0 2 2 1 1 2
3622 -34797 33608
-65607 99141 -78740
-36355 10551 -74148
4 1 0 3 1 1 2
6517 47499 -27416
-91435 -90755 17890
-16102 -16919 41846
4 1 2 1 2 1 1
90024 -33869 46769
6180 -89115 31855
-22942 34529 34159
4 2 2 0 1 0 3
-93678 70812 -99150
80424 -3295 90788
47068 -53844 -36191
4 0 1 3 2 2 0
52509 44696 60370
-46337 86259 -8708
-69211 -87273 51242
4 1 1 2 3 1 0
50110 -20304 -47826
-796 -38808 -60911
8316 -3040 83937
4 2 1 1 1 2 1
4217 -67444 -19153
-61507 -24692 5003
-94310 -8702 -72294
5 2 1 2 3 0 2
10014 -15630 -12217
2083 -56976 67909
19070 58309 -48926
5 2 2 1 1 3 1
-49476 -77205 62255
36481 68980 -39781
44664 72543 4087
5 3 1 1 2 1 2
46416 -15452 -62759
-84581 -2554 67631
44258 -56952 -41267
5 2 0 3 0 2 3
34572 -45181 -61960
35433 -98758 -23209
82868 -76422 48189
5 0 1 4 0 4 1
-36224 -95282 -29610
-48793 -28499 -94249
88563 85314 -32969
5 2 2 1 1 1 3
44589 98153 41537
-53578 -53548 64917
-76315 -44758 42060
5 0 3 2 1 1 3
-93954 35987 -17196
65877 -77540 -7123
13615 20649 -46407
5 3 0 2 1 3 1
-31807 52143 20472
84840 21000 36723
-73543 -98492 -464
5 0 5 0 2 1 2
28664 22184 -40257
-4920 8911 -82589
54612 50290 -59442
5 2 2 1 1 2 2
42325 -61868 -21196
5961 -24993 67442
2822 62701 10499
6 0 1 5 3 1 2
-10089 -68057 -95666
-52822 55609 65722
98568 -95532 34689
6 2 3 1 2 3 1
68435 80028 29927
24704 -47028 41285
-31546 -75884 22651
6 1 3 2 1 1 4
-15938 -29314 -53515
40861 -31330 -98756
-89258 34308 34748
6 1 2 3 1 3 2
-28345 -89430 79261
-4832 75946 68125
57467 87978 -11198
6 5 1 0 1 1 4
-68104 39716 -66979
-1979 935 -45357
60698 21226 -10862
6 1 3 2 1 2 3
-87401 -19863 -70716
85986 72817 -17231
73897 17380 58861
6 2 3 1 2 2 2
67214 -88785 -21335
59560 -34269 -48467
-87103 25893 -99191
6 1 3 2 1 3 2
-94142 22786 -68179
17061 71590 -94362
27366 15633 17568
6 2 2 2 3 3 0
56700 -42209 -29417
39215 33382 6237
92845 12419 57387
6 1 2 3 2 2 2
-61928 -73593 44914
20098 -52127 -29087
27039 21308 -96312
7 1 3 3 3 2 2
-22661 -93502 -69166
-46130 39599 65108
-38874 2738 20988
7 1 3 3 2 3 2
-43453 56349 11496
-20823 -24814 81825
-953 -97530 -49208
7 1 5 1 2 3 2
-2405 75220 73421
21311 -72896 -17132
69251 70097 91781
7 2 3 2 0 5 2
-35372 50587 -790
-32943 -76330 -61494
60285 -80619 -52748
7 0 1 6 2 0 5
79656 84190 -91786
-40056 71105 60138
-70988 -65314 -79313
7 1 3 3 1 4 2
65760 70063 -92174
56797 -96862 -72701
93837 -24367 -21508
7 1 4 2 3 3 1
14433 4068 -97859
90878 -54027 -97317
13355 -19607 3709
7 0 3 4 3 1 3
73531 -81916 -45218
-76687 -67845 -85560
69078 -60062 58239
7 0 3 4 2 2 3
-98468 -17202 77818
5645 6083 44281
39227 -14214 -66653
7 2 2 3 2 2 3
28263 -85551 61796
-13102 69606 94592
-43244 61637 90266
8 3 4 1 3 3 2
-18669 46434 -63691
-11051 28741 -79921
1502 49817 -86498
8 3 4 1 1 4 3
-87535 -26889 -84221
-83927 -88084 65344
1676 86116 82145
8 1 3 4 2 2 4
57965 63212 18234
-99397 9843 86858
-25796 36827 -9198
8 0 4 4 4 2 2
-27011 -67127 62050
70505 -5592 -4615
15532 26813 -1772
8 2 3 3 1 5 2
12684 66545 -40595
67740 35530 -52707
53281 -80878 50667
8 1 2 5 4 1 3
24656 99564 44883
-67966 -2241 32694
-1654 30136 -11711
8 1 3 4 4 0 4
27597 -38587 70862
-66599 -31157 68074
-94553 -48269 93419
8 4 2 2 2 4 2
-52070 87787 -70110
45374 -42295 -81441
30065 37807 -2879
8 2 4 2 1 2 5
-89250 -58321 22678
-18271 -66202 -14916
-74260 -51870 -67796
8 2 4 2 3 1 4
10382 -45625 66156
-59275 73953 73772
-61605 -17895 74515
9 0 4 5 1 6 2
42343 38819 -90944
-25534 8303 91898
-28195 1961 -72920
9 4 1 4 4 2 3
-62827 69414 -1733
-96955 98023 58243
70238 99076 57635
9 3 2 4 0 0 9
-6305 -70594 18418
-81870 83002 76720
-96188 44027 -11737
9 0 7 2 3 4 2
-36275 19154 -91352
46774 39682 -1551
-31159 94644 -67763
9 3 3 3 5 1 3
66645 23216 -59228
-50402 -3592 -40002
91424 -19208 18976
9 2 4 3 2 2 5
-36081 6044 19068
37296 91778 31701
93665 82107 55829
9 4 4 1 7 2 0
-83816 95241 27964
-85356 -23327 -45902
45601 -89510 -94032
9 5 2 2 1 5 3
52203 -69520 41543
57217 56858 1966
-23890 90667 -73643
9 5 2 2 4 3 2
93578 -30313 3682
-23424 15603 34289
-87461 -82157 44505
9 4 3 2 4 4 1
36155 -48332 -4523
-31501 65657 81568
91696 30380 -57090
10 4 2 4 4 5 1
52668 -84648 -33430
-59919 52938 -67277
-81259 -45409 90419
10 4 2 4 3 3 4
73807 22287 58628
4069 65027 82891
-86837 -38235 -44472
10 1 6 3 8 1 1
45528 -63021 1418
-76780 14795 -2948
-6191 32699 83419
10 1 3 6 1 9 0
84860 20846 -68577
18130 -39808 16004
-57353 -56758 84920
10 3 2 5 4 0 6
-73953 63287 -1972
0 -82496 9567
12327 73957 -45526
10 3 4 3 3 3 4
5661 -27733 20607
-67731 83115 -11197
17259 40123 -16111
10 2 7 1 4 2 4
-32763 -65779 35926
-70914 69872 -19054
33643 37565 -46631
10 5 1 4 1 5 4
-20643 -1775 -14145
-55588 12115 36947
-60035 66282 22133
10 4 4 2 1 4 5
44885 -11344 -80880
78083 -31278 71799
58402 -53032 68228
10 2 1 7 3 3 4
5595 -1587 73427
-55536 -64832 31523
28360 12113 31315
10 1 5 4 0 5 5
-4064 82958 -51087
32946 -21725 -42002
-32774 14554 15516
11 6 2 3 6 1 4
20812 49484 73797
-70451 -85543 54132
34403 59990 96338
11 2 1 8 0 6 5
60831 76474 -39040
-57843 -55446 -28595
-32118 46239 -12114
11 5 3 3 4 7 0
-10256 95332 -32565
-38885 63231 96890
-26022 89531 10157
11 2 7 2 8 3 0
29392 76159 57062
-76291 50409 -93311
43383 -34901 -53391
11 1 6 4 6 0 5
77670 -18768 -74108
-44128 92322 -92972
-71803 34114 -86071
11 1 6 4 9 1 1
71698 82915 -13039
8060 -25714 -13022
-24528 -81461 -5608
11 4 6 1 5 1 5
-1224 81033 -58578
54643 7432 21398
-53766 -55455 -409
11 5 2 4 4 2 5
63223 -58372 -32131
-81791 77952 -23918
-64974 -12388 -69748
11 5 4 2 8 2 1
37028 -82113 -9139
12186 96957 77729
-88215 -85049 -45720
11 2 8 1 5 5 1
48019 81187 -83328
96609 -52876 -53875
-82558 83212 44480
12 3 9 0 4 1 7
-54748 -87680 98889
50970 54407 -21776
-78721 -45302 -47144
12 5 7 0 5 4 3
24230 9455 23417
-7868 67426 5605
21495 90979 96841
12 4 6 2 3 3 6
25977 42826 88837
-47067 42006 -52661
61022 19512 -86718
12 7 2 3 3 5 4
-64674 78657 3527
14190 -39215 48254
24548 35892 -99031
12 6 2 4 1 5 6
-28976 41365 -76845
34046 -9516 12185
-92389 83570 -99558
12 4 1 7 6 3 3
3185 -34838 98740
55859 -24885 86627
64858 -85173 56949
12 4 1 7 3 3 6
-75344 71 -38861
74672 -24607 95571
-82559 -64896 -61276
12 2 1 9 6 1 5
41656 -63768 -57832
-63133 -44239 42778
17416 -50614 82380
12 5 4 3 5 6 1
-45273 -90485 -46590
-69701 -35234 -67136
-1003 -8309 -17608
12 9 2 1 5 7 0
-57859 10377 -38553
-32955 80454 40743
-19874 -83079 -89233
13 1 7 5 6 5 2
-55438 70799 9359
14039 81256 -51331
-32475 2102 -92222
13 9 1 3 3 3 7
-78697 -47318 -37041
-97735 -20933 36776
83015 47897 5916
13 2 8 3 4 4 5
-23331 36272 -80777
-25744 -42595 -73066
83315 -64818 95430
13 9 1 3 3 5 5
9733 -56256 83128
87831 33492 -20736
-30021 -68326 14869
13 5 3 5 7 2 4
70082 -59048 -93001
-10234 -39172 -47234
-29676 -61572 8902
13 3 3 7 2 0 11
56440 16690 -33474
80144 -65397 -96408
74351 -4025 49778
13 4 5 4 5 2 6
80786 51806 36009
70746 11519 -18819
-9433 34555 -97091
13 5 3 5 6 7 0
-54682 23706 49176
-22088 -5502 12293
-40375 -61932 48395
13 7 2 4 0 10 3
-13091 4298 47105
95146 -73362 55297
33221 10899 22270
13 4 0 9 5 2 6
-79613 14033 89015
-59103 -1292 -19147
31953 -44334 -77227
14 6 6 2 4 7 3
-61525 40950 52898
-17383 71223 -69574
47710 93421 -57529
14 2 9 3 2 5 7
99593 511 -21282
-26400 9635 48642
-55703 -64764 71019
14 7 7 0 7 6 1
-48241 -18561 -91036
-59835 -30757 -90014
76443 83005 -21321
14 12 2 0 9 3 2
-45311 33026 -24757
90363 29048 -67650
-2423 -35293 -40535
14 8 3 3 6 0 8
69785 -53321 18114
-19529 90718 92046
-27037 -73129 -33008
14 5 7 2 3 1 10
18111 -20705 -62962
-96027 -85711 -93553
-5240 30410 -15221
14 0 6 8 5 4 5
-56337 -56267 -53060
42873 88603 82879
-92196 -74165 -44053
14 4 7 3 2 9 3
-15978 49727 83689
73629 -58553 32560
38984 63667 77899
14 8 5 1 3 3 8
-65991 -91265 7054
-51934 18407 -72731
-58040 43402 -39626
14 5 4 5 4 7 3
-67798 -55004 -80179
-52219 -59133 88013
-3169 50632 -68101
15 7 2 6 6 5 4
-63147 33294 25220
22136 -5424 -41704
83956 -26355 -84421
15 5 10 0 7 6 2
98651 -26460 -22218
-69886 78192 -19295
-48177 25777 -24643
15 5 3 7 9 1 5
29524 80781 -42925
39568 70928 14131
86813 2358 68986
15 6 7 2 0 6 9
-54518 -35844 -68030
75903 84722 28654
36021 12369 56399
15 8 7 0 3 8 4
-51612 69307 -99306
-23708 17895 -36445
-39795 26211 47707
15 8 6 1 2 10 3
-1834 -92488 7401
-63859 47674 14382
-85685 -25968 13613
15 4 5 6 1 2 12
76562 97163 -30914
-46597 -78524 93579
74699 389 58907
15 7 0 8 3 2 10
-30225 32949 -15782
-83327 58575 -98504
6569 94055 37173
15 3 6 6 7 2 6
86848 -76760 -10255
-68348 51460 20359
-31874 -18488 -70045
15 6 1 8 10 5 0
52166 -58772 -38132
61591 78092 -8154
79530 -22163 -52787
16 4 8 4 7 2 7
-79952 -16718 92128
77356 -20247 47519
22811 -4257 -13968
16 2 9 5 8 4 4
2381 -77597 -82039
81397 69024 45944
12320 20992 43766
16 11 2 3 6 1 9
63240 15042 94381
-10597 83447 76816
-63029 -21296 51108
16 5 2 9 5 3 8
-12383 -62036 55406
-33058 75799 39437
-6907 69023 -74460
16 4 5 7 9 2 5
-73915 -77878 27901
96394 87796 52324
11454 86975 -89674
16 1 8 7 1 7 8
-16973 -99487 76584
-64751 77384 84822
60116 -3066 -13663
16 3 7 6 3 5 8
50501 71336 -9710
49076 -46578 -82922
80814 24064 -78094
16 8 2 6 4 6 6
-79115 2854 -22408
-18817 -562 6439
-81720 54550 41435
16 4 7 5 6 6 4
52500 74298 11913
-70624 -64490 -82666
-99311 24083 87276
16 13 1 2 6 4 6
64468 -71805 -19671
21016 84883 -45681
70253 27593 -22305
17 5 6 6 7 5 5
-79641 -93657 34201
69724 36307 -99639
-47087 -59998 -36444
17 8 3 6 7 2 8
-55841 -88017 -87623
3685 -66646 -49928
-49508 -88591 94257
17 8 1 8 5 4 8
86639 87003 -14529
81969 14300 -13466
62648 -1653 -44417
17 7 4 6 5 8 4
6310 -52458 36656
-37485 -12064 -10975
-27288 -9020 15934
17 8 4 5 7 10 0
-29873 -42772 50009
-95812 53907 -66577
18149 -13088 -3182
17 1 13 3 7 6 4
-77791 94534 -47614
-54913 53929 -13935
73909 -30058 83130
17 7 5 5 12 0 5
-27550 54776 44471
69484 -48277 99397
-82327 -33299 -46540
17 7 7 3 3 2 12
35342 2320 -6835
67339 -16867 -31305
93777 -37917 -64509
17 2 9 6 6 5 6
20331 -10485 10042
-73039 93202 15221
47403 16173 27661
17 6 5 6 4 7 6
8587 82277 -64302
2336 -76281 -41910
-61121 -58901 -78987
18 7 2 9 9 4 5
4938 73727 10574
-64646 -74789 -7774
93111 16042 448
18 1 3 14 8 6 4
-38242 7157 27127
64551 -78697 -94522
34682 -78734 61632
18 7 7 4 7 2 9
71023 23968 47413
34698 -41707 -21214
37337 15948 -8098
18 7 1 10 9 5 4
37909 -17584 63097
-53393 1385 -50261
81931 78985 64764
18 4 5 9 9 5 4
52266 85307 52863
-79914 -69516 -39822
77172 31274 40499
18 10 3 5 8 8 2
96276 43513 64481
21523 6376 -81955
29679 23867 -51597
18 5 9 4 9 3 6
-20161 44231 88396
-73525 -86854 -10017
57856 57351 27052
18 2 12 4 6 8 4
25442 672 -23683
21133 -8850 -70897
19810 83053 -41824
18 8 6 4 2 12 4
-58776 -21269 70324
61751 40802 -81939
57313 -99219 10688
18 5 6 7 7 2 9
-63613 58446 -52259
-71451 84587 -97464
76069 34506 39421
19 2 15 2 0 13 6
32037 81639 -76187
-18878 -23304 -54752
-72933 -97354 -30385
19 9 5 5 4 10 5
86912 -85281 -15081
39533 -5513 -83962
-46863 40545 24006
19 6 6 7 8 2 9
20240 -88206 -88153
-76162 -1325 -95028
-21593 -7289 71492
19 8 8 3 1 9 9
-88751 -97045 -14136
-29086 -59013 41985
74413 -81299 49194
19 4 8 7 7 2 10
16684 -90514 89185
75541 -66799 -73386
45612 -46576 84175
19 4 8 7 1 9 9
-57074 39632 2122
-18815 -73841 -39105
-59721 63655 23455
19 14 3 2 4 6 9
36584 93496 -81680
36925 -48933 -18731
-28185 -90337 84697
19 3 6 10 7 6 6
-86364 -79764 5655
-64544 70739 -65093
-56829 78323 -1060
19 5 8 6 10 6 3
-89040 -67283 -90088
11868 -52136 5756
12469 -26766 29294
19 9 2 8 9 5 5
-11576 16678 -52032
-38953 -53197 -50455
-63647 -323 -95948
20 6 6 8 2 5 13
22907 -61225 -10126
6478 55201 51859
-12829 -27499 61186
20 15 2 3 10 7 3
-82562 -6009 15012
-52983 48546 -15363
61494 -63583 -18640
20 9 2 9 2 10 8
-23596 -22883 -56959
-94709 -17932 10600
-56629 -57089 -59006
20 1 6 13 11 3 6
-34225 -62110 66007
-60731 54242 -80040
83303 89322 32876
20 2 12 6 5 9 6
11549 82012 51416
-72385 48118 -3144
64814 -74392 -3757
20 8 7 5 5 6 9
42366 15628 -92722
58695 66953 49989
-48412 -5750 14526
20 0 11 9 6 4 10
16243 -4086 91218
97321 86966 75553
-90510 -76667 -76759
20 7 2 11 3 5 12
-48524 45393 -46243
-79393 27789 53821
-99109 70283 -15491
20 8 8 4 6 7 7
-65516 8011 -5147
4861 -38829 59453
11290 4139 50300
20 8 7 5 8 0 12
-81162 90184 -8004
80127 -76316 69278
90466 37958 -6847
20 5 4 11 9 8 3
92207 81235 57011
-56699 10866 63307
46082 43710 -62166
21 6 6 9 0 15 6
76730 74579 98342
-7909 2495 -74056
49069 -700 55771
21 9 11 1 10 7 4
98778 73632 -57178
92799 -22411 64775
-6988 23420 29467
21 10 0 11 4 3 14
-90455 -74631 11056
-87509 -7787 71801
82381 -19657 -28559
21 6 5 10 9 11 1
55714 -94355 5857
95864 -86106 -82302
-14343 60968 -85111
21 4 10 7 3 8 10
83526 84069 76489
-2407 58590 -39941
-11534 13113 -82443
21 3 12 6 7 6 8
-79649 -1568 -42409
-36027 53387 -5280
29962 -55256 -731
21 7 6 8 2 10 9
61423 -52295 18260
43108 -39258 28715
12816 62601 79638
21 2 4 15 9 9 3
29561 87432 91702
-61480 43756 -75772
69951 -37920 -80044
21 9 6 6 10 3 8
84030 41058 96969
33421 -20631 -52079
47164 12574 47887
21 4 7 10 9 4 8
-80419 -63445 25302
71658 3175 54153
-20898 42549 69966
22 6 15 1 6 12 4
-56109 -95021 29702
23496 -26538 71220
21722 -35183 27919
22 5 12 5 1 15 6
29216 -92019 30521
48510 21810 -43294
-33656 -57683 17338
22 14 3 5 1 10 11
-2612 83848 -31395
29450 -17012 -62260
6606 49713 2035
22 4 5 13 7 4 11
-85200 -33388 -84325
-89919 5521 51130
-41864 -70511 84391
22 6 0 16 11 2 9
9209 85977 -45540
91760 -25440 47023
-53793 -67779 35992
22 5 8 9 8 6 8
35235 70460 -79913
-77035 -69713 -2613
13913 35538 -61131
22 10 11 1 9 5 8
43344 69975 -65182
-18193 -62267 33720
94384 -62899 -43962
22 7 9 6 4 7 11
92949 -63015 1817
76979 -94627 16130
-10331 -62526 25265
22 17 2 3 6 1 15
11309 -83851 -38999
89442 -28954 46960
69798 44529 99443
22 2 5 15 8 9 5
88522 51625 -43116
57017 56133 15986
-49608 46983 58001
23 9 8 6 20 0 3
71355 -22711 81644
-33379 20496 -95643
-85047 -6137 13467
23 11 11 1 6 1 16
-71988 59515 2518
-97223 20903 82273
80693 -46640 -72778
23 11 5 7 8 4 11
-69988 -15593 -38135
24061 30945 55498
72552 -15420 50344
23 8 14 1 6 14 3
-19295 -93978 13930
-99623 76626 -57545
-42812 -91216 -15482
23 0 12 11 4 15 4
-85298 27132 -31319
-27508 43817 -53555
24831 -62976 20892
23 12 9 2 11 7 5
-146 47501 -46985
73828 67630 44477
-9738 23992 3044
23 9 6 8 4 9 10
22516 22106 -70912
56540 -52258 40743
-77040 -80521 -61137
23 10 3 10 18 4 1
-19932 -90380 86306
83543 83206 32524
-38683 -88639 -58415
23 6 11 6 6 3 14
-65694 55246 -55209
8362 -22059 97128
83349 15823 -32028
23 9 0 14 1 15 7
-9513 -84277 27545
-43527 97108 2765
18240 10534 -25814
24 8 12 4 6 0 18
-16796 53529 54098
-6098 -3994 75246
-38971 -94359 34399
24 12 1 11 4 5 15
-81605 -55188 -52444
-37709 65346 53022
-86002 -90243 -15022
24 3 16 5 11 9 4
-9188 50390 63938
-65827 -24253 50693
85615 65373 -66402
24 7 10 7 2 9 13
-13345 -25507 -4151
-93170 16696 -36816
-78296 -68510 41458
24 2 7 15 3 12 9
31238 -77991 -76529
-15676 78887 -43433
48574 -34587 -66289
24 7 3 14 18 6 0
33459 29323 -17859
-37321 -18844 66274
86529 17313 65487
24 10 7 7 8 9 7
35500 -23260 42129
77012 -27349 42386
-23122 42392 -92492
24 8 5 11 11 4 9
52017 -33770 93222
33953 -42434 78172
-6147 -38742 38666
24 5 12 7 11 4 9
70592 -42594 -27535
-29865 43736 45064
-89364 26840 53458
24 12 1 11 6 8 10
-5493 11054 -12673
-71918 70616 23783
96275 -24614 -27926
25 0 17 8 2 4 19
-94895 -85469 -15872
-9553 -55581 74920
93545 -82022 -84382
25 8 6 11 4 6 15
-90586 -6619 20615
-87328 -67027 -70781
43440 -40724 24801
25 6 12 7 11 3 11
-98552 73724 68094
94679 -96938 -81522
15376 49827 65369
25 14 10 1 11 4 10
-57732 -14498 48257
58828 99294 5377
-49627 55561 -41947
25 13 6 6 3 10 12
212 47584 -26276
-2474 -5890 -48724
-79719 39420 56706
25 19 2 4 12 2 11
-17736 44407 15895
-32231 95360 -2908
85465 76306 18302
25 9 10 6 11 8 6
-88256 -97254 37008
20585 21631 1363
-25943 -29774 -54840
25 9 7 9 6 7 12
79431 -74125 -37949
43270 34485 -277
84665 -16987 99400
25 14 2 9 10 9 6
23219 -41641 23465
72282 -83558 98242
-77793 6098 -82902
25 3 13 9 12 8 5
-20392 11017 41418
-66284 -43448 95347
51436 61752 75234
26 12 9 5 4 13 9
-99177 -4093 38716
-28240 -68252 -71887
-4102 57328 76073
26 10 8 8 1 13 12
12302 -1839 12711
42097 -69893 13629
38654 9744 53188
26 14 6 6 5 9 12
-39662 26713 -80240
-43178 -25854 -94273
-46979 65294 70490
26 10 3 13 9 8 9
-79221 90585 7528
-66873 22384 67242
-92349 98092 -19625
26 9 16 1 14 7 5
36030 -77317 -3153
25632 -16820 66639
-34036 -4723 -56272
26 14 2 10 1 10 15
-80343 12071 10871
-51616 -22763 -87999
16077 74893 20991
26 13 1 12 6 10 10
-63369 -53844 66533
21452 28016 1097
-49671 -26787 44151
26 7 13 6 9 8 9
67926 87555 -45888
64850 -13313 40051
-45562 -49609 74467
26 5 14 7 8 9 9
-73788 -63192 -49873
58969 -16994 34732
-90167 19972 56306
26 10 7 9 9 7 10
28529 -91446 46300
-96967 83914 39796
-61162 -81011 -35543
27 7 13 7 14 8 5
-69562 64829 -46992
-17895 -9992 21406
4489 640 -14987
27 7 18 2 1 9 17
46202 94795 54208
-29212 -39553 -43278
63055 37343 -56522
27 11 10 6 6 9 12
88199 583 7792
-18331 -33699 -88207
59261 -48063 22805
27 6 6 15 14 12 1
56971 71468 -20729
11943 45615 -5981
31382 50850 -95707
27 3 16 8 8 13 6
-32324 -16500 83791
-22531 -44296 -70756
67973 -32784 3156
27 6 16 5 4 8 15
13329 -64630 29038
-48051 -15762 -95414
-79952 -57981 -78350
27 3 19 5 16 9 2
-12708 -8311 58211
-38041 5324 19137
29001 60656 -83047
27 19 2 6 10 0 17
18387 -63275 57120
49207 27670 32679
16453 90825 44931
27 14 4 9 6 12 9
98824 94713 39002
34596 58334 -71868
-62404 -34709 65590
27 9 9 9 17 10 0
95094 -83818 -80121
42480 -88054 64207
-70920 47074 -16758
28 10 12 6 12 5 11
14398 28871 46323
79494 846 23576
46917 -56985 -32092
28 9 13 6 8 5 15
68431 -31663 62641
5367 -61668 -55320
-64887 -6661 4411
28 3 24 1 7 21 0
-50457 51088 49426
54585 -58118 -62158
28309 -36270 -3276
28 11 14 3 12 10 6
-56299 88651 -30507
-50804 4101 -71902
15878 -25539 89800
28 14 12 2 14 8 6
-22750 90871 89922
-47224 74084 -34454
52112 77779 77765
28 12 5 11 9 12 7
-92651 -94381 -8844
89442 -34717 72443
-76772 78223 -75008
28 7 7 14 6 5 17
51383 96928 -89415
55051 -32265 71573
-585 -12851 7575
28 15 9 4 2 3 23
-30679 46871 -29247
78796 35274 40393
-54096 61746 -18090
28 1 11 16 3 6 19
4102 -8653 -93805
-77258 -38765 -68765
57728 -84504 64247
28 14 7 7 6 12 10
85378 -28640 -24321
17419 -43726 -15603
-37272 -73756 -55620
29 2 16 11 11 9 9
30895 -83169 97476
85795 59663 26200
-21431 19320 76968
29 2 10 17 10 8 11
11372 -51398 -15842
40849 -58957 1729
45888 55123 -11047
29 11 6 12 11 7 11
-54318 92286 -68116
-16816 34622 -58316
-5083 91233 78579
29 1 6 22 9 10 10
31079 20591 80148
28227 6715 46525
91744 -15979 90765
29 7 14 8 12 11 6
-26898 20835 -62433
-64890 53028 77639
-46092 39625 71389
29 14 6 9 17 10 2
32943 -65413 26429
-63025 27194 59255
79705 -5122 86511
29 16 13 0 7 3 19
79481 -82459 -27096
-30319 36661 2702
-37197 59366 94815
29 1 15 13 8 8 13
11341 -1227 -25086
49848 -48363 -36317
59300 -47107 -48817
29 2 9 18 10 10 9
-97297 -28545 -8453
45632 42079 53533
-2226 961 61686
29 3 13 13 7 18 4
-6506 81718 99868
21076 78351 60591
-1845 80592 92463
30 3 8 19 13 9 8
-5457 -40900 -22824
-91282 78134 14824
-98349 66140 -76813
30 9 8 13 6 14 10
43209 86547 80914
-72387 -33199 85955
31247 53470 -11373
30 9 8 13 12 8 10
81691 95924 -5123
33139 75796 -21105
80721 28546 3072
30 4 13 13 3 13 14
69127 92557 47304
41829 -37628 -3277
85401 -98781 77621
30 8 15 7 5 14 11
30943 78068 91701
-42458 65416 -56596
-30693 -20761 -77534
30 10 12 8 0 11 19
92012 -23769 73549
-10544 -94468 -43529
3767 -77647 -20158
30 10 11 9 7 5 18
29226 -56007 -34598
-93262 -31280 -72371
13890 -55456 -90215
30 10 10 10 9 12 9
-99324 44495 -54875
54017 -20710 66821
-85790 14163 71608
30 5 11 14 21 6 3
14351 4394 30024
-7656 76041 62152
-21892 84977 67936
30 9 14 7 9 6 15
-82010 50099 40865
-72271 3712 82597
97820 -61251 -71767
30 16 12 2 1 12 17
-45551 -83607 58377
-40031 -19439 -84780
-38675 -30710 -55664
31 11 10 10 12 14 5
-77442 19113 48053
43795 -73650 59897
-2300 -71285 -59726
31 20 11 0 13 13 5
94432 8870 57386
71373 65524 4509
-84539 -86624 72628
31 0 16 15 18 6 7
51294 11000 -2976
22428 -1127 75763
60629 -74670 83418
31 16 1 14 12 10 9
-29149 -98264 71476
94826 12598 -78817
-41932 -46841 3278
31 13 13 5 9 11 11
62485 3631 73996
-42634 -91515 -32315
28543 28579 -9657
31 18 1 12 11 2 18
13147 5854 71531
3483 -4892 38209
-69389 8866 10136
31 11 3 17 11 18 2
27431 76638 -84009
-53907 -34042 75577
-938 15415 -67637
31 19 10 2 1 13 17
45451 -84896 -27499
15133 -15476 -18037
-42270 24518 -85040
31 7 24 0 7 9 15
-14921 -90889 -40223
9524 4551 -27184
-18615 54324 -7441
31 14 7 10 7 13 11
-97760 -85006 45003
-14113 -72204 -39831
11646 90196 -59222
32 11 13 8 12 6 14
11855 60730 -7688
-31375 -50796 -40647
61374 25671 82641
32 15 8 9 8 17 7
-49014 56687 38677
80912 16614 -37361
89909 -32886 -52351
32 12 13 7 8 18 6
-7253 86807 -42605
89441 -42206 56258
65555 60001 -77747
32 6 13 13 15 6 11
-76988 -35437 98979
18511 62334 18564
-79504 45516 -28424
32 6 15 11 16 9 7
59497 64070 -60967
15885 -72241 -96023
63099 57081 -90013
32 5 13 14 4 23 5
8520 -98073 -54894
-16785 48550 -68325
19706 -44675 -79598
32 27 4 1 15 15 2
-88780 97174 96158
-37281 76039 27766
65585 69993 51544
32 10 8 14 12 15 5
-17759 5915 -43241
68190 8302 -4720
936 32345 -64454
32 10 10 12 7 8 17
-52361 61306 -29997
70925 18078 72908
42125 52650 -66549
32 17 9 6 17 9 6
-25239 76226 66126
-18746 -64614 -97076
60459 8594 -79219
33 2 14 17 6 10 17
51022 -78872 -41095
-83738 61085 -6152
-50588 -96652 -97077
33 2 15 16 2 21 10
51216 72199 3674
-57611 41694 76801
-77085 58571 -87379
33 17 6 10 11 1 21
84615 -28975 -41289
-19199 -47627 -72432
85720 -526 -75359
33 4 23 6 10 14 9
33293 29876 46973
6010 -49088 -64929
17167 -36080 -16881
33 27 0 6 17 0 16
-4481 52669 86339
-35377 -80402 46504
-55100 -50812 15628
33 22 1 10 0 16 17
-20073 -64939 -3749
11993 10309 74684
44338 -6632 86526
33 12 9 12 11 11 11
49667 -53041 -98029
31474 -40752 -30650
-59270 -23981 -91710
33 10 16 7 13 8 12
-34604 91813 43133
33852 21506 -66920
84174 -56099 72810
33 17 4 12 9 11 13
30703 55795 -82187
-25032 -59789 -11407
81945 28971 -52453
33 5 7 21 15 14 4
-87982 97788 -43431
3804 51378 -80063
-12033 -78866 -96446
34 11 12 11 7 26 1
-44883 -76533 -98971
35940 -48591 -82789
10591 -92294 67997
34 3 10 21 2 15 17
21461 -61613 -74412
-68579 -18643 27481
-80540 88622 -18236
34 14 15 5 16 5 13
-2973 98069 39714
-19190 8972 39029
90720 -69375 95818
34 8 11 15 18 12 4
-8907 -38220 -56296
14268 84456 48609
99863 92408 47213
34 6 14 14 11 15 8
-11881 15866 38074
-41607 4008 13793
42740 -58220 89050
34 16 4 14 15 10 9
-11184 -28815 -46727
-2022 -93512 19073
80937 25881 44548
34 3 25 6 9 15 10
72919 -1015 -61732
20651 -37304 -53340
97176 48655 47466
34 12 7 15 0 2 32
98353 -10670 -98428
-70292 -35478 65995
-1833 58345 75036
34 6 12 16 1 9 24
-92323 86737 21141
1782 -96556 46208
61108 -98525 -13727
34 4 5 25 1 6 27
-1695 27942 70926
93202 -4703 3473
-23519 29676 -60599
35 13 11 11 16 7 12
-79705 -25127 14860
84574 86278 -21664
-29507 -64709 -1092
35 16 16 3 12 2 21
-45604 52753 68459
-72866 14089 11310
-31361 1633 87964
35 6 9 20 14 16 5
-58574 -26139 40289
-21186 -6332 -72717
-29986 -46120 98711
35 4 7 24 15 8 12
-65681 73688 12006
-99793 -87139 50766
91663 -57344 35728
35 17 2 16 9 13 13
46114 -21872 -17742
-4981 12774 -2666
92187 -84431 -33599
35 9 13 13 7 13 15
-65825 -28442 -90556
67035 -70349 -64858
65208 46723 -42428
35 16 10 9 9 9 17
43867 93979 14937
-41887 -81914 56801
-73070 -5925 64490
35 19 4 12 16 19 0
6389 -14944 -84585
-23971 33565 77207
87151 -7047 52576
35 6 11 18 13 12 10
-55221 -21450 16233
-56849 -98484 59694
-49650 67423 -37348
35 16 5 14 1 11 23
56799 36691 -47415
46240 -9797 30003
-316 -32142 17110
36 27 9 0 2 12 22
14696 68493 -89546
49388 2411 -59522
22568 50893 -40571
36 12 9 15 20 15 1
-59347 -26396 -87958
-32220 -16008 31077
-69855 -50143 -65562
36 18 7 11 19 7 10
-42601 58387 62836
-9335 4598 6323
-89929 -6743 5465
36 16 17 3 12 11 13
7945 -52468 -73018
-68370 83152 63652
-98338 73701 -51231
36 13 6 17 9 13 14
-61495 -8110 -17165
-86016 31452 -62382
-85235 43639 -2858
36 8 12 16 12 14 10
77512 -16579 -73052
-35792 74063 60422
27512 59872 97347
36 11 5 20 20 15 1
27720 38577 6577
-23546 -41297 23075
3724 168 57731
36 19 6 11 13 13 10
89801 -98482 -34031
50011 -31168 -53381
68468 -70924 -10573
36 8 7 21 15 4 17
14691 69446 52693
-12377 -51802 61464
-42513 -76498 76943
36 15 0 21 12 19 5
-65301 23179 -99994
-41633 -60251 -8708
75679 22090 -52976
37 16 1 20 1 18 18
-43495 -71964 -93605
70253 -87265 -21678
-70314 75728 -36392
37 21 4 12 10 23 4
-70397 75710 -75425
4486 64976 4489
60668 97448 43538
37 4 2 31 14 7 16
-11888 -47897 -89338
66356 10853 -25613
31096 56165 6102
37 19 15 3 12 13 12
54539 -41202 51876
32428 6324 -99830
-99060 76609 -47618
37 17 18 2 4 18 15
-34149 -46548 -10582
-44944 15496 -84538
87644 98593 -33472
37 4 21 12 17 15 5
-34061 -87147 -19066
60407 91607 -66455
12876 -20322 68441
37 7 20 10 12 21 4
-65964 -63414 599
39921 91865 -29621
7104 20453 88049
37 16 7 14 16 8 13
-65288 -79726 -71305
84233 16354 83865
-97150 -83621 -96088
37 20 11 6 21 6 10
-11257 -7678 89125
26997 41390 -5544
8110 -80403 2910
37 16 5 16 8 29 0
31749 -78091 -84300
-69983 86260 74929
-65984 -83146 -53035
38 5 24 9 16 10 12
-30503 -44910 -78077
34329 -74746 -36264
95188 -33391 -41927
38 9 7 22 9 10 19
-22643 83165 -86123
-43134 15414 66248
48085 54138 72733
38 23 10 5 19 1 18
-19417 -50409 42373
17325 7291 -89239
-79791 -55326 -33503
38 7 15 16 21 13 4
22723 -47490 -86916
-7568 -98073 21239
-6387 -28876 -83240
38 6 20 12 16 10 12
2656 12229 48200
62222 80523 -39235
-60219 39396 -77287
38 3 16 19 24 8 6
-23214 8391 -82704
54454 -95220 -5409
-94254 78825 -90107
38 3 15 20 20 14 4
91726 -46646 -16952
-18820 30483 15010
-18056 16497 41003
38 10 2 26 11 14 13
-55422 -35239 -28491
88200 -59917 89930
-95243 95553 36543
38 4 6 28 14 19 5
54176 99167 366
-52017 -12751 23129
2973 98580 88890
38 20 14 4 15 13 10
7714 -81501 45159
60757 24005 -75030
-78782 -87890 -90682
39 14 16 9 16 4 19
-74694 16349 -91533
-88299 -24338 92408
50968 -38779 50371
39 23 10 6 22 3 14
42030 48006 -99847
-69759 -30965 74195
-18217 -76102 63184
39 9 11 19 11 9 19
33680 83385 82145
89311 93921 -52319
-79068 22497 70861
39 18 11 10 11 9 19
35348 -9849 -74655
81621 96793 5821
94947 -46528 5751
39 20 19 0 14 15 10
96738 55701 -47840
3432 64786 33855
-76250 27211 87127
39 16 8 15 24 11 4
89890 -89497 -91160
-82455 -97959 -29250
-3539 8685 77292
39 9 0 30 11 15 13
28030 -18988 -97686
39609 72651 -72026
-44690 65422 40192
39 10 14 15 18 12 9
8189 26344 53975
85153 1280 -3149
-44104 94777 16594
39 16 7 16 18 10 11
-1610 59412 14988
41260 78345 -53993
97561 47179 66948
39 13 7 19 17 4 18
71829 -8308 23688
-80498 -83379 89589
-30957 63324 53747
40 19 10 11 28 6 6
-54521 -9795 -66540
98581 -84691 -14821
18874 63678 -15050
40 22 5 13 22 16 2
-19012 -35605 -75558
-56652 -56689 97607
80902 16334 -45455
40 6 3 31 17 12 11
38925 86935 -75779
97859 -41476 21910
-52534 -52582 -43636
40 0 0 40 4 19 17
-50012 -1046 -49818
-52380 -74408 89633
-89869 70030 -59029
40 8 11 21 14 12 14
63592 -85505 -67914
-84277 58126 -39859
-9611 75028 -99905
40 19 2 19 5 23 12
74969 9563 13397
-9071 93960 -35993
-93713 -94897 -33984
40 22 10 8 9 17 14
-32917 -92227 -36622
-49918 29286 -51886
-11642 91495 -27995
40 15 11 14 17 15 8
-31747 30355 -46551
56145 -72530 -28358
82496 -20725 49639
40 18 8 14 18 7 15
-75341 -78948 -39629
-70332 59958 19002
64637 -87275 70294
40 20 20 0 18 16 6
-68221 77451 -59059
-48879 -66454 -67825
45702 78077 -29020
40 5 22 13 9 10 21
12063 47224 -90875
-40878 15756 -45347
-39233 10630 25447
41 2 19 20 15 13 13
-24140 -8498 -17506
28554 11092 -33162
66092 -6290 -98153
41 25 9 7 15 19 7
-50881 -18648 -41913
6631 -47913 40182
-48913 -93143 46169
41 10 16 15 10 30 1
-19657 2137 22169
-78427 -44167 52105
81531 -38030 -92960
41 13 15 13 11 17 13
-90947 -55264 -35399
61166 -19683 97164
-1495 16256 -48834
41 22 13 6 26 8 7
87461 94992 16880
-27089 -48905 -72300
87827 -39380 9866
41 7 13 21 9 17 15
-92775 -74849 59125
26094 14018 1194
48906 -12523 -51651
41 3 15 23 12 12 17
49636 -98048 63948
96144 -52871 -32480
-66987 88483 -65331
41 9 11 21 10 14 17
-19219 56378 -7359
31741 -21384 -16378
95988 95165 -87415
41 14 8 19 28 1 12
-69071 -66113 18961
82923 13038 -21009
-28580 -34222 -56879
41 20 14 7 25 16 0
89397 64402 -64761
11755 -97699 -78323
-68670 -44259 -45460
42 13 21 8 20 20 2
-16509 56828 10944
-43104 72985 -95393
-53377 -46935 94590
42 12 26 4 17 2 23
30740 2883 94430
76114 93923 69181
32576 -62131 7636
42 23 3 16 23 11 8
-26725 31620 17396
-38917 64947 19895
32496 85341 59749
42 8 20 14 28 8 6
54396 32358 72036
16123 -65828 -34956
20753 -37082 57313
42 21 7 14 14 3 25
52511 -77435 60649
88596 10279 -4894
1902 32868 -79090
42 25 3 14 16 4 22
16416 20113 -91398
8961 -96074 36050
11031 35808 -89333
42 14 12 16 22 12 8
23454 -38354 59543
-84395 -19601 -14999
43213 -9310 85042
42 11 18 13 18 18 6
-78417 90257 19898
-75074 93409 61965
-88079 48391 -56995
42 6 11 25 12 26 4
-66754 26207 -93084
64957 -62819 -87080
-25037 -50343 -77767
42 16 14 12 11 13 18
94677 -88290 7287
32069 8962 43405
73161 18739 -73077
43 22 9 12 10 19 14
-62822 -50253 10734
79807 -39095 35870
48862 14771 -87952
43 25 18 0 11 24 8
25113 -25552 56349
40382 -72606 -13692
-12433 -7191 85287
43 19 14 10 10 20 13
74873 52453 53509
82807 84862 -47519
1854 4616 47056
43 19 14 10 9 6 28
20797 -27359 -83914
83578 -27583 -1398
7162 -4313 -87119
43 30 8 5 21 6 16
-82688 -8494 58682
-23936 47318 -70066
-83060 5150 -48653
43 22 3 18 3 33 7
51068 -46803 -2902
-69864 8233 -82977
47506 -97216 -24647
43 25 12 6 28 2 13
-53857 27799 -75719
-53644 7796 98156
-14900 25392 85897
43 19 9 15 23 19 1
-93523 33453 -87105
60969 -70679 6488
91618 80447 -85125
43 6 28 9 19 16 8
-21458 86317 94898
-529 -19587 -14858
37106 41389 -32480
43 9 9 25 2 7 34
-30012 25822 -33790
21766 33958 -40364
-12904 89417 38008
44 20 22 2 21 20 3
21639 44204 2435
-65446 94749 -61499
90054 50940 -77599
44 19 19 6 11 15 18
-97362 -71924 21141
-40766 13363 -32037
-51103 54590 -36483
44 21 15 8 11 19 14
12697 12142 -89949
63205 49091 49701
86891 -53371 1829
44 13 19 12 20 10 14
-79359 11608 55858
-65559 -70266 34321
-52202 -79236 -73070
44 21 1 22 12 19 13
-22658 31928 -46936
-24189 138 -14914
-80686 -87699 75042
44 37 5 2 7 33 4
-36079 42081 -1920
-65491 16816 -12540
94671 82471 8230
44 10 15 19 14 17 13
6897 22323 50926
79512 -81842 -42578
77683 -89053 34428
44 10 15 19 3 26 15
96355 -43124 -46393
54449 37982 -28327
-19026 -81621 76767
44 27 8 9 13 16 15
4287 57174 22239
-81531 51103 69384
43333 -17450 -29992
44 14 20 10 8 11 25
57061 99332 15913
70576 -52047 -67644
41951 -47640 5482
45 19 18 8 25 15 5
-51096 -56618 91573
-75976 89684 -80456
-6050 68754 71450
45 14 13 18 30 14 1
33986 -55531 95826
-73388 -36376 96288
26489 -97793 55518
45 9 13 23 27 13 5
45560 -52170 2056
32078 43789 -56298
42477 3552 -13115
45 22 5 18 16 10 19
80013 72029 -87544
-77128 -85924 45146
-93001 -5310 86795
45 45 0 0 17 25 3
35176 95268 59883
96512 -17023 -12051
17553 -2192 -79190
45 7 20 18 8 27 10
92888 -18862 12554
26856 86090 -51463
19508 15361 82716
45 17 20 8 12 1 32
-4960 -45640 -72863
-30485 -67204 -63034
39835 3840 -4926
45 14 19 12 21 21 3
-55302 57363 -97781
-66888 -3057 6883
62365 -8789 44267
45 13 23 9 8 27 10
-62979 -20789 -81931
-5326 35919 -82328
-62854 -33388 95823
45 14 19 12 14 5 26
-17796 -18431 7093
56514 -41838 96794
-65718 50189 -72428
46 16 20 10 0 26 20
-33933 15997 -66222
-24475 40688 59466
74342 -58043 -71861
46 13 15 18 11 24 11
92882 -82350 16257
28149 77590 35796
-86917 42358 88813
46 11 18 17 13 18 15
-12477 -14828 71760
-50744 -19916 32229
-12710 15594 12619
46 22 2 22 10 22 14
72928 63631 11041
38667 2724 88411
64696 12555 91907
46 9 8 29 21 8 17
-12730 64447 -94023
45803 -18000 68093
38810 -86327 93887
46 11 21 14 19 19 8
-63730 33092 22099
70184 -15274 -55852
83682 58853 -17948
46 19 15 12 15 21 10
-21438 -92669 50019
80824 -32325 -64738
-66363 -93212 36512
46 7 8 31 13 18 15
51474 61229 -5504
-46105 -40803 34029
-68173 88557 -47512
46 24 11 11 18 3 25
-92372 84455 -5071
23433 19198 59689
-24880 -59224 68490
46 13 4 29 8 20 18
67603 33905 46531
-28507 -93294 46101
33017 37500 55874
47 10 26 11 12 21 14
92098 -93852 66488
67295 -23708 -25988
46603 -36755 -69256
47 23 2 22 2 10 35
2775 -85887 -42384
-47809 85905 -95385
-41552 56528 80343
47 26 16 5 19 11 17
12003 -80998 -70144
-41742 -32888 -98151
-17596 81554 -52367
47 16 9 22 18 10 19
-7221 78278 -7825
-91391 40859 -56936
4686 -82795 72445
47 9 19 19 15 31 1
94966 -88420 55130
76037 25223 860
23796 48652 -93112
47 29 15 3 41 1 5
-84892 -93774 -27683
-21617 3586 -12691
-63487 92766 -79835
47 30 16 1 14 4 29
17003 -81318 -16864
49775 -88305 52117
15275 -54956 17013
47 5 1 41 12 21 14
-59778 -30102 30229
-70240 -72894 -57124
-21717 85172 -14659
47 22 10 15 25 3 19
81332 -41761 74638
-73884 -37806 31420
53136 37734 26956
47 22 25 0 11 15 21
-11921 65962 65550
-40168 -35809 -54701
-4956 -57259 44870
48 23 16 9 1 27 20
-264 -53614 12613
69135 61042 10892
31479 -99012 -35918
48 12 16 20 32 0 16
-35063 -24768 33307
27738 -17407 89896
79206 49194 -44289
48 19 7 22 13 21 14
22724 -72790 -5241
-81863 -97 84884
-17756 -74274 49132
48 18 16 14 26 21 1
4534 69280 41556
70093 -50226 -7988
-6546 61696 91709
48 13 9 26 12 11 25
55142 -60506 98905
-28845 -90375 -62521
60496 -98797 -92196
48 18 13 17 5 10 33
-12286 -58268 -91486
53486 -54912 75039
36735 -12253 -41750
48 14 17 17 14 12 22
-53245 -36798 -80597
9701 1699 -74647
71155 -34722 49765
48 7 22 19 4 37 7
-50937 -92883 98209
29832 69625 -39369
-42788 17518 88119
48 23 23 2 17 26 5
74225 20871 77923
52178 -88995 -88983
73169 -25183 34757
48 15 32 1 20 8 20
49805 60365 22427
-49715 27794 76612
17252 -15099 14761
49 3 22 24 9 20 20
13450 -56861 19298
42105 -85116 41403
-36652 -7920 -47563
49 27 15 7 26 6 17
28058 -27922 -19652
53838 53396 -72263
88436 17279 -40893
49 12 32 5 0 49 0
26016 33428 -29657
21546 -21030 -46391
34347 -70324 84368
49 6 39 4 16 18 15
-84226 65715 16671
-64856 71253 14542
9173 -38767 21103
49 19 23 7 33 14 2
-16560 -99434 96872
41576 -47702 -35630
54046 86354 -68960
49 24 21 4 16 16 17
-53889 -47750 20915
-68272 -66178 97429
-75102 -31051 10320
49 22 22 5 9 12 28
63065 -81174 -74595
-39495 -61352 -98796
71970 -88520 -75285
49 21 22 6 4 33 12
-45588 -23370 -83253
19456 -54021 -19606
16156 27011 94583
49 20 29 0 16 16 17
-94464 -44991 -63975
63403 -48901 -54505
-24493 -71188 -948
49 12 15 22 15 16 18
-93794 -4972 -32522
-12829 -27013 76645
-53201 -90135 18859
50 20 14 16 20 8 22
-42330 26752 70964
-82323 9793 35955
85070 72581 90710
50 28 16 6 20 29 1
23936 -78230 86428
88911 -11349 -62461
31646 -78514 -89312
50 15 12 23 18 18 14
-22807 13043 -10185
-38673 77966 68913
41592 -61611 -37000
50 10 21 19 11 11 28
33463 95749 87589
-85029 -89570 -24038
-85610 65778 86453
50 14 9 27 14 2 34
-53593 11784 -85269
-28466 15455 97618
-21864 -37909 79175
50 24 6 20 15 14 21
54208 -41035 -3168
80420 -66076 -94682
65763 -15933 -12184
50 8 15 27 25 14 11
-20231 45762 6026
-74115 -83464 78620
-77924 80436 -48863
50 18 16 16 17 15 18
-50756 -81507 -13728
-30169 -33877 -99249
65637 -23173 37535
50 8 31 11 27 14 9
53916 43537 -56560
-56278 -94835 50707
46027 -53676 84605
50 21 4 25 0 4 46
-88849 51488 42025
-15825 20671 -60072
7675 -94854 -576
50 4 28 18 36 3 11
-83568 41052 -11495
8186 16103 31236
-9673 -90971 4958
51 20 25 6 16 21 14
-49078 89248 -72201
-89855 86806 84997
-26354 -93472 98188
51 28 1 22 5 4 42
39028 -45695 5642
-95169 -17617 -11497
-31696 67913 63066
51 26 18 7 17 21 13
-85638 19212 81517
79441 -74121 22156
-14990 28129 59803
51 21 19 11 30 8 13
-26299 33130 92144
85731 98782 -60123
-63384 -61467 87033
51 17 5 29 12 23 16
18086 -5714 90349
-52190 65401 43955
-42995 94966 48826
51 23 26 2 26 14 11
84426 91400 -33172
13197 56174 -62971
-3686 25094 -8272
51 10 12 29 7 8 36
6110 -85998 59807
-56928 -27112 19205
-19183 313 -89510
51 17 17 17 21 15 15
-91887 24152 36580
-64710 -78996 -78482
-73288 53205 -33846
51 17 21 13 18 5 28
-41623 -83362 65498
-11661 76496 -5042
-6837 24417 2997
51 19 15 17 17 16 18
-58691 -86703 -54911
90046 28532 -48049
-12610 67170 -63495
52 18 15 19 25 11 16
-54368 63078 -8493
11972 -33935 61508
7577 13658 -98865
52 13 7 32 19 10 23
-70815 48021 -50678
75350 62194 28704
73146 45601 -83203
52 24 1 27 3 44 5
29234 14464 -10482
2664 -38241 -14925
35507 -64501 -77365
52 19 6 27 10 1 41
-48088 -30661 -82270
91874 74790 57821
26845 -36546 20755
52 27 11 14 24 24 4
-79854 41271 -27947
28183 16796 -81222
-3489 31484 35689
52 5 26 21 21 15 16
95943 -40757 34095
83598 -56525 57977
54883 -88386 68283
52 25 4 23 27 19 6
-90356 20563 49746
-54735 -8770 -22688
49799 88405 -80310
52 18 8 26 24 27 1
59424 46852 61610
-31122 97805 -13501
88736 -11653 -56546
52 22 22 8 15 14 23
-95882 -7104 596
4741 -7565 -75530
68384 -59550 -96767
52 18 10 24 1 32 19
95418 95292 -61103
58565 -15267 38121
70572 -7754 -7404
53 17 24 12 13 6 34
34931 -35085 -17859
-46692 -77092 -41524
40197 -22054 59143
53 12 34 7 4 27 22
-96533 10005 -18393
84578 -6004 -63885
8085 5308 -86321
53 19 21 13 20 15 18
38031 49711 -46187
-2143 46517 -81075
57858 77195 -48624
53 9 22 22 24 17 12
20930 38291 -10091
-47708 79981 13607
-28469 25920 3089
53 17 10 26 19 30 4
29753 96954 -62706
71915 11251 -87987
-32087 26367 -44714
53 17 16 20 28 19 6
3552 -45972 -31584
-49619 81686 24045
694 53532 -71975
53 13 28 12 30 23 0
19099 -6596 -56019
-54188 87360 -37214
-65571 -82712 -47913
53 26 17 10 7 42 4
-56932 -42144 27835
85710 29211 84868
53620 -3826 3709
53 11 40 2 13 20 20
-31802 -85536 -37814
-14348 -58810 9513
-31787 -98564 -22577
53 10 3 40 5 28 20
-69167 87032 66858
-95570 78807 -5536
-31519 16108 37008
54 20 16 18 39 3 12
-67028 -29458 -45507
27624 80192 -34927
56627 89246 80512
54 21 7 26 25 8 21
-83181 63009 58311
-1929 -44455 -46099
19583 -85474 -73362
54 0 33 21 23 17 14
51773 40526 -42467
-66749 99190 -46873
-79643 -83892 -5314
54 17 14 23 27 15 12
96917 83122 69193
-3550 -55953 -26618
-52918 74754 -68069
54 27 24 3 25 22 7
-95334 -89268 610
-78066 57453 -82895
6007 80562 18716
54 28 10 16 20 9 25
-87561 48198 63453
-52998 -73138 48516
48197 -73825 74468
54 25 21 8 22 18 14
84736 -59227 87309
62365 -75989 -31343
-3637 -90772 -35155
54 6 28 20 20 8 26
35471 18331 35340
-85702 5922 -17516
-60616 20789 -14093
54 22 26 6 17 16 21
86139 -59677 -8895
97844 -22099 -59549
43679 -64446 16422
54 22 11 21 7 1 46
-65080 5360 64656
-30682 -1705 76024
58787 -73189 -6499
55 4 16 35 15 7 33
89007 38633 -41219
34743 -78825 -72981
-78654 76478 -57888
55 21 19 15 42 9 4
-71001 4049 10270
92171 -50399 -5012
3453 -36486 -56553
55 8 22 25 3 26 26
-35533 -78657 -65548
-64087 -54262 78963
-65404 6693 58109
55 18 20 17 13 22 20
59839 -2779 -32152
43407 70371 79572
34629 83451 -35872
55 25 11 19 39 13 3
-62780 45846 -52989
-36857 38331 45335
-54936 30823 -17850
55 28 8 19 9 22 24
-16403 61327 9009
85172 -79219 35951
50722 -89900 -58335
55 5 17 33 0 22 33
-7826 10039 -90655
65673 -85300 -82990
-25119 15656 -25586
55 42 6 7 43 9 3
-93194 -77935 89415
56028 -82159 63557
48151 -55205 26043
55 13 12 30 33 19 3
-88001 -13202 66906
65046 72504 -77612
-88148 87917 -62432
55 25 26 4 43 6 6
38546 40861 13177
-57733 -11343 17614
-20922 -21756 53294
56 3 17 36 24 32 0
-44622 -5155 -22992
-91212 -69529 -32800
77068 11391 -18955
56 18 16 22 41 11 4
5878 -75195 21238
-12008 -24531 63303
63986 -21921 72426
56 19 5 32 24 6 26
27158 -82658 91326
1263 -99821 -61726
-80715 6561 -34379
56 32 5 19 17 20 19
-84227 82438 44514
21753 6248 58457
43106 -99628 72934
56 2 26 28 17 28 11
-88388 48790 -28300
-22262 62355 79334
75057 -68338 -22756
56 24 18 14 24 26 6
-17268 29635 65025
-51658 22779 -43934
-43891 7179 -83225
56 15 13 28 14 27 15
-52241 -24763 94503
-36391 90658 83802
-3142 64581 75830
56 13 22 21 25 19 12
-92674 26077 -86321
54143 32362 60307
-19455 11249 -19196
56 28 8 20 48 6 2
90460 -8449 -79490
-5468 -49879 -26548
-14611 63752 22847
56 9 22 25 20 23 13
47046 60704 -84966
63716 46179 -78377
47376 -21700 -81225
57 5 29 23 29 3 25
-46246 79572 75422
57511 9845 76519
-68097 10034 -51396
57 29 27 1 25 21 11
31151 -22537 -42565
-54069 61876 -52939
44699 -36828 31314
57 13 17 27 1 29 27
-84909 -70642 25697
35108 54108 -17450
85555 89655 64113
57 31 8 18 35 4 18
85719 23851 -74632
-87930 -72902 11177
51471 -35494 -11357
57 36 10 11 22 8 27
50053 -10238 52738
-12991 44969 46248
57944 -96172 -86844
57 16 16 25 27 9 21
-3880 4547 -55668
-16304 -62636 -54497
96874 -82385 -58084
57 22 5 30 24 11 22
19294 88640 87124
425 -71888 8242
9546 97634 22597
57 31 7 19 23 18 16
50117 93301 -39827
-25206 -11738 -86602
36416 -84895 79726
57 7 30 20 20 25 12
41474 91853 3661
83304 -87201 -50854
26162 94969 -53539
57 1 31 25 17 22 18
69047 -44092 9878
19222 80723 15359
-43048 93338 -51032
58 21 18 19 31 22 5
-56290 -44512 17521
97074 -43088 64720
86110 94507 -71942
58 36 6 16 34 21 3
-19992 34840 87213
11866 -49965 -41385
-93951 -37134 63211
58 16 21 21 27 8 23
44775 -60986 -60473
-7795 80827 98161
41608 -25433 -23626
58 3 20 35 24 26 8
73336 -37075 -95553
89195 90420 43951
-59133 44775 69419
58 5 18 35 22 23 13
-89482 -83895 -87766
-25402 -57518 -383
58635 -69179 2837
58 16 18 24 16 27 15
52602 -29798 -63811
-34974 -58001 -59598
3175 -70315 59022
58 18 22 18 18 22 18
57308 -23603 16943
90413 -84183 -43156
-18772 -76484 7362
58 34 7 17 28 8 22
-62495 7239 -2516
92314 75107 26931
-88159 39216 -89622
58 21 18 19 9 22 27
-48789 14836 -7016
81058 -44368 -31029
-36346 77987 -32731
58 21 3 34 5 29 24
13358 -78445 -60820
34294 -17657 47880
32640 -88715 76887
59 9 4 46 3 37 19
45519 -32804 -2718
-10086 -8137 53186
14729 7631 53747
59 16 21 22 31 18 10
-92640 29468 71135
71328 -82163 -75750
-62118 1475 62361
59 17 18 24 17 26 16
-63178 79569 -37085
78454 2438 -51455
2375 -2159 28322
59 16 25 18 18 12 29
12285 -30114 30410
59213 -87622 35261
921 -81274 47401
59 8 6 45 27 24 8
58002 -59426 -9444
-44643 -72465 -34350
92372 -47805 -91500
59 14 17 28 26 21 12
-85326 -13658 94291
-30699 -46158 15611
-7358 59028 58416
59 4 30 25 19 19 21
-66773 -35630 43963
-38318 31196 28379
56770 -76030 23122
59 16 23 20 27 7 25
-79137 -91130 99405
20906 -73574 -81712
-51219 43686 -69968
59 10 22 27 36 22 1
31686 -12905 91435
83751 29369 -38168
-86210 -50516 -12210
59 0 31 28 22 19 18
-4863 -59069 23024
-85760 -40850 37838
88147 -55587 47615
60 6 52 2 15 28 17
-43141 40960 -2957
16446 35868 -48965
61541 55793 76932
60 14 24 22 32 19 9
45161 32754 92334
-53958 -94800 -58230
-37888 48510 -7839
60 7 34 19 22 12 26
-45721 41643 -62125
-18271 -33946 -85932
-96045 48111 16737
60 5 41 14 23 5 32
-25304 -62695 -97691
56957 -82442 8868
-24938 24634 82144
60 26 4 30 23 10 27
-46721 11453 84293
38422 -99327 70810
-87907 -31420 -66170
60 13 27 20 34 8 18
-38085 -89745 -99169
-65185 -28579 -8746
43943 -68089 -82198
60 20 29 11 25 23 12
-40952 -31315 -81240
9218 37412 80926
-86494 21673 18427
60 14 29 17 20 32 8
67693 94771 -71747
60391 77219 55813
-81875 21929 -27018
60 24 14 22 14 15 31
-68343 32624 53034
32751 -59603 -69469
-81216 -46788 75701
60 23 25 12 14 29 17
98066 -12415 89670
20428 -98333 4794
97178 7170 -71700
60 22 12 26 31 22 7
-87 41986 93840
58914 50444 53732
58014 -66778 42365
61 9 38 14 47 8 6
4139 14941 -86110
-76213 -19513 90504
-51381 62182 90329
61 27 5 29 34 19 8
-55339 -8517 72651
-63613 -11231 -51178
76621 35786 -67879
61 12 22 27 31 17 13
-76438 92215 -11277
-77825 62267 56988
63421 -48698 -33616
61 25 11 25 4 23 34
-97998 -63100 96127
26883 -59768 63772
-97012 -78248 -84992
61 6 25 30 15 11 35
50735 61881 -53914
-12809 -87664 -39101
-84207 67258 -60276
61 13 22 26 35 26 0
-37007 22649 90139
-40343 -1980 -55652
-2592 26736 7054
61 45 16 0 20 22 19
-48944 56492 -52078
16503 -16098 41460
27813 66845 -43136
61 20 25 16 6 24 31
29120 87346 -46024
-10893 -9370 90656
-84790 30134 -11223
61 17 26 18 29 30 2
-65656 83835 -7393
-86085 -77327 -20763
49690 -51097 17008
61 9 14 38 14 18 29
24775 -92436 73676
-37631 -27477 29536
84668 14753 1771
62 19 27 16 27 27 8
-73518 86401 -47125
73428 -66004 76985
47731 50672 18345
62 1 22 39 24 23 15
-56299 -76087 81803
-18683 -73335 -31294
-95552 -59114 35350
62 11 41 10 31 19 12
89979 80862 41520
-6915 -28286 88986
-20881 94199 -43482
62 7 34 21 24 33 5
1146 -878 -89008
-4215 -50527 91113
26350 41213 90716
62 21 28 13 20 21 21
24027 53748 -24485
-19176 85027 -37344
83081 43943 81880
62 9 16 37 23 7 32
87984 60008 -73498
-68492 -14607 88975
-56641 -75454 -28414
62 24 22 16 35 1 26
26931 -67783 96661
68380 -16711 75805
-3695 -71235 -4460
62 21 20 21 20 15 27
-67465 22296 -381
-70613 -2286 52224
-58596 -48854 -54968
62 25 30 7 31 5 26
58711 77967 -73060
66995 -30851 -23882
-65878 -6577 -14319
62 6 20 36 45 2 15
-23344 6012 39130
13658 31602 80289
-61936 9201 -58884
63 1 25 37 12 22 29
81486 53253 -83915
4506 -47485 -69583
55017 -4415 351
63 23 34 6 18 16 29
37228 -4499 28153
37033 61844 -65294
-38413 -66015 -14530
63 15 22 26 1 25 37
-67189 -2162 -54484
16805 -68785 -99223
-32365 61065 81276
63 33 4 26 23 30 10
-34866 15950 23850
-90407 -81330 44064
56068 77875 -24103
63 28 28 7 34 2 27
86506 42263 -28469
-18769 -35321 -49680
-48512 54837 86007
63 20 13 30 5 25 33
-65545 -83367 -63210
-31579 -13045 53036
-22128 -57415 -69638
63 21 19 23 16 20 27
16565 78327 47447
72517 -92300 31278
5060 -88601 -52805
63 27 10 26 33 26 4
-63127 23423 62155
-84121 -56688 -84113
80317 -67079 64571
63 32 11 20 9 45 9
2890 19997 84789
-30709 -67504 24860
-26828 -13716 -71187
63 33 4 26 18 7 38
39254 -67572 -26787
-88369 23341 -26621
-58282 -24512 21754
64 16 31 17 12 20 32
85749 11532 41467
-82167 83064 -32171
-90855 69903 -97060
64 7 51 6 28 17 19
64487 4504 -79196
19353 -35405 -21329
-55699 -45254 -95225
64 48 12 4 28 19 17
87291 90845 -3989
-77049 9470 -9063
-13493 -37092 52914
64 29 17 18 1 47 16
-14460 68728 -26590
70193 91564 -50130
15936 74324 68008
64 21 22 21 18 7 39
25343 -19321 -60604
-69706 -78873 -30301
-73025 62564 -92576
64 21 21 22 49 7 8
71275 26800 -77530
-8119 62055 41647
-80236 48325 55250
64 37 23 4 24 35 5
-3853 88320 21524
97859 -9614 -14722
-92893 -39525 4742
64 3 40 21 26 25 13
-76556 -32118 -53690
-13068 -45593 75986
15917 -74828 -28967
64 16 3 45 0 36 28
-39983 78517 -70276
-45753 52368 -72504
59424 81897 85316
64 9 52 3 29 14 21
90767 1953 -74400
-96635 -19329 -12398
-44626 -80221 -10454
65 20 33 12 12 15 38
-52478 2119 -42286
-71569 -59207 26074
86722 67719 89027
65 29 19 17 61 3 1
6590 -44137 88256
-5398 80573 86973
95410 21886 -83969
65 29 22 14 5 31 29
-48561 -90631 -47469
52613 -2678 -90183
57050 2115 -91827
65 15 6 44 0 39 26
72177 -18258 -72323
66760 -6711 21340
-44701 74430 83196
65 22 21 22 26 33 6
38531 -76324 69891
64564 39473 15688
-55137 22114 643
65 18 18 29 4 18 43
12183 61118 65042
13592 13341 -39851
-7831 22339 -18375
65 26 16 23 12 29 24
65489 -25291 47385
72544 38155 -98207
94249 3137 -25878
65 14 24 27 12 18 35
-34838 -33007 62331
94257 -25821 78860
-41452 -85063 -99593
65 18 41 6 1 29 35
-43355 -14026 41844
-57199 -3331 -53246
17629 49411 -82409
65 53 5 7 14 30 21
22861 -4789 48440
20080 1749 87698
-11214 15714 43820
66 25 12 29 0 31 35
16699 93226 -67393
-78708 24968 -96398
-18636 -87866 82635
66 14 29 23 36 23 7
-91201 -13042 -20229
99603 -55371 -46619
-96077 32619 -83698
66 20 19 27 33 10 23
-78129 94022 93672
-80703 94060 15156
-26018 93387 -26975
66 17 49 0 30 27 9
94214 -97177 -19830
34679 54416 96640
63399 -35331 -61398
66 20 20 26 17 39 10
-95937 -14865 -11952
-63390 96203 -54189
-83815 -16992 77848
66 12 47 7 6 36 24
9218 -43581 -94581
-24751 78594 -57833
85004 -23398 6028
66 21 25 20 38 10 18
90275 66996 25925
-49541 -1141 56002
-84844 -49699 -35196
66 10 23 33 32 8 26
50259 67587 24594
-97981 -27641 39249
-66091 28529 -71464
66 29 29 8 32 18 16
-49276 -58928 -87627
4519 -36366 67588
-41022 27748 -99209
66 4 12 50 20 31 15
-1061 -51934 16057
78937 -81103 92213
40826 93495 -40298
67 52 2 13 24 6 37
-79219 -73953 9382
-69401 -75376 -57203
-75176 -48003 56017
67 9 19 39 24 19 24
-71248 -74818 96320
-27265 -80570 -4475
4535 -34090 -83772
67 30 7 30 26 14 27
425 -47107 44388
68209 79168 861
-74362 39380 24746
67 8 21 38 33 22 12
35717 82395 10674
-14137 -16534 -96567
30419 -39280 25071
67 13 27 27 24 26 17
-78341 35109 -1600
-92661 74401 -53103
12373 -41144 21137
67 19 27 21 19 31 17
50091 -57882 75531
38471 57069 86582
-76498 -34677 -70103
67 17 34 16 8 3 56
49787 74299 -45401
75111 -53577 -1480
-29273 -79824 18514
67 25 21 21 23 27 17
59231 -42165 71904
-46127 8711 -74209
23493 74023 80462
67 28 37 2 1 29 37
52045 26638 55647
65718 -53985 -98097
-12722 -26616 -51362
67 24 19 24 6 39 22
85499 -43280 13989
-28544 61947 -83230
-320 13614 -11736
68 20 35 13 4 38 26
99002 63201 27064
92665 27275 35392
-52447 -25717 -77448
68 13 15 40 7 22 39
-27588 72273 33100
47924 43728 -68319
-10508 61527 -33770
68 17 20 31 10 38 20
-92765 46997 57005
-75724 -39852 21680
94928 6399 -10991
68 25 14 29 25 26 17
-82081 -64171 -44867
-31371 -36038 68654
-57045 -49039 -82864
68 23 17 28 30 15 23
54499 -62741 20624
-86116 54894 32887
66227 11846 12137
68 18 20 30 10 51 7
69463 -55765 69898
10057 -93316 -13575
64285 -28405 68539
68 14 33 21 32 23 13
-67904 -47878 82202
21783 61523 3122
-61405 -16165 -53859
68 11 36 21 23 24 21
28687 -7411 60715
19187 -91330 -29525
-44906 3882 -98805
68 24 8 36 26 39 3
25598 -58083 78342
7333 18944 -98323
86988 13539 -58797
68 36 10 22 15 35 18
23775 -38899 94043
-73655 -47517 -60850
-80326 -43601 -53451
69 34 22 13 32 21 16
39975 -62449 -88980
-29927 -82354 -30802
-79957 -11574 49582
69 30 30 9 11 57 1
-6357 -89025 11828
-13035 -82205 -53494
67169 20259 92250
69 47 18 4 17 16 36
-74984 20632 67834
92419 83422 -99225
89920 5934 -24853
69 27 34 8 27 36 6
44278 67841 -70435
82897 -13462 -71519
-15071 -93071 29824
69 39 13 17 24 18 27
73110 9362 99187
-35402 7092 -45838
-87327 -40225 -23980
69 25 41 3 19 36 14
-67734 27666 364
22256 55044 41878
25748 -99304 -24387
69 7 51 11 18 17 34
-66245 -53247 90620
-48730 72806 -91607
37895 75699 11698
69 16 24 29 56 3 10
-56871 69175 -15162
-10804 -23743 -313
34452 -59901 29820
69 23 20 26 14 11 44
-5472 -40762 -69784
96959 -12110 82156
-36751 63941 49609
69 15 9 45 10 40 19
18591 -45873 23064
6072 -80303 97989
-87459 -32922 -7596
70 21 26 23 11 34 25
48060 -16011 -52691
53205 -88124 -49216
-22837 48051 77409
70 31 16 23 0 58 12
61666 -96012 -56725
85016 -40209 69701
22809 -49846 -69326
70 33 27 10 1 3 66
6069 -93057 -99885
84336 -91228 81114
-10647 89731 -88354
70 16 23 31 5 45 20
-27897 86972 -71694
68297 41562 -52707
20255 57904 -42351
70 24 7 39 45 19 6
16520 -18315 -66585
-22478 21905 30274
-22110 -7728 -57279
70 39 14 17 25 26 19
-29202 30874 -32880
-70750 -58956 -78002
6751 52725 -92884
70 27 19 24 17 4 49
51736 -32425 -40465
61950 28464 68670
-4816 52449 -86499
70 14 17 39 24 25 21
-24963 -67340 23987
-1670 66258 92827
74207 52783 -4086
70 13 13 44 24 20 26
-91504 -25541 60983
72070 -69782 75323
-99199 -27532 -31800
70 34 28 8 28 27 15
66546 -5326 63880
-41102 -87186 -77989
52969 80641 58090
70 24 23 23 0 66 4
-57783 -17174 88576
50638 -21983 93336
23294 72783 70810
71 8 42 21 47 18 6
-53770 62809 -912
-93464 13809 19424
-21795 -8158 -90406
71 12 37 22 64 3 4
26724 -18371 -62593
-42163 7397 68473
59148 69 81265
71 10 12 49 4 47 20
19056 20421 33321
-27771 -85065 -17649
-22170 68720 -72522
71 22 16 33 36 3 32
-36372 -85444 38351
-16457 84177 55224
-87730 -51605 45957
71 3 40 28 12 55 4
53912 -7026 -14382
47527 95333 -34861
39867 -15489 27307
71 25 13 33 24 24 23
57060 53409 -39528
-3258 83521 43704
86867 -63393 10771
71 25 8 38 65 0 6
49145 -6471 86844
1782 -35601 39362
93349 -86229 13176
71 31 2 38 1 58 12
15998 87212 99830
62499 -69472 97715
88683 -91688 -45399
71 54 3 14 35 16 20
45186 2025 -73909
22196 -58422 36819
-14322 -25766 68842
71 11 39 21 14 26 31
-71640 42109 34339
26115 27787 -99207
-86761 84891 -83861
72 22 33 17 5 38 29
-53960 87382 -92343
-40935 1279 -58433
9080 28128 63754
72 12 9 51 34 9 29
40059 79354 -56871
-36035 17031 -88294
-30040 21892 76336
72 19 28 25 15 40 17
7363 92091 -17365
83837 -6526 34262
78166 17336 -78700
72 19 31 22 40 22 10
-96534 -22459 -61710
-11552 -33359 82067
67427 86843 67584
72 33 10 29 11 50 11
48509 -15499 -65812
-64943 -46766 4124
77018 84579 -70
72 16 47 9 25 24 23
34114 34503 34772
94198 -84969 -13933
62896 -89968 -71569
72 42 10 20 24 41 7
51899 8566 71511
57456 11793 47789
15800 11363 -25873
72 6 30 36 22 37 13
-27492 -88216 37281
67588 28005 9082
-23239 45620 -38998
72 24 38 10 20 26 26
-88845 -82632 7906
-65636 35115 94974
23704 -50137 48836
72 14 27 31 24 11 37
-81218 53783 -8531
81744 10132 11261
46290 27599 73397
73 35 32 6 17 49 7
96881 23911 64748
3234 22235 -86136
-80610 13487 66234
73 4 68 1 4 42 27
-71641 -84588 -2208
-27417 -11088 33815
9506 77898 87457
73 36 20 17 24 27 22
-79522 58995 6946
95910 -31846 91671
-15513 -65289 65389
73 28 28 17 24 35 14
50928 -81554 76255
67645 -86934 -84728
11087 -13830 -85146
73 6 28 39 28 21 24
82882 71242 54875
-19985 -68789 -52040
45216 -34747 46304
73 10 37 26 20 19 34
91111 62992 86271
-24867 24984 96381
20152 -978 58357
73 19 29 25 48 11 14
-33909 -65049 -48160
93119 51608 -17551
1971 39262 81755
73 27 37 9 26 14 33
22585 -90548 -65544
47623 -9697 -46540
73801 -55524 -84276
73 27 22 24 6 47 20
-67386 -19415 -68110
7741 -67623 -23765
16653 1194 17201
73 22 24 27 20 23 30
-26391 6303 9912
-91058 -56972 -48054
-45842 -78277 5700
74 23 24 27 20 42 12
-47056 -49601 87337
-41029 -32595 11862
-73945 66628 -25875
74 41 18 15 35 31 8
90336 -43257 9005
-64510 -13904 69492
-93379 -48126 -43364
74 12 9 53 16 28 30
-16098 -67681 -79678
87022 -68188 24776
79233 -7439 44749
74 25 43 6 13 36 25
-55373 34223 64267
95684 -12176 87271
-17563 -30523 -1058
74 33 10 31 24 46 4
-20374 -64151 26707
-43803 -63697 76630
33393 5954 12603
74 31 36 7 17 37 20
-90180 -13277 70615
-3476 -78747 52840
96786 -51788 -29919
74 15 41 18 24 31 19
-56600 -60044 22298
-51536 -40644 28002
53702 -61388 67343
74 64 2 8 40 12 22
-53949 54505 -86727
7179 -12738 -11101
65743 -76782 61985
74 17 30 27 30 23 21
-66424 -24661 30048
63105 60918 75534
-74156 89116 -92940
74 55 18 1 30 30 14
-26590 -75234 -51990
-32574 58281 -57867
98811 -21430 71643
75 3 50 22 67 5 3
67668 22425 -37730
-45924 -28180 94392
-92424 11048 5197
75 25 48 2 42 11 22
52146 73072 -91307
-92583 72042 44142
-53999 -58305 -77153
75 19 37 19 13 27 35
-72070 79139 -45761
-83452 1666 28529
-98547 -63355 -79517
75 16 19 40 23 19 33
16268 -8400 70330
-60186 -90910 -33746
10017 41365 -5589
75 48 1 26 40 21 14
14840 -40997 -38730
70743 -62730 -35294
-51903 22615 66569
75 5 38 32 32 16 27
39062 -37746 -98508
69358 88684 -16495
49664 -67730 -86033
75 10 54 11 23 24 28
-88508 65712 77990
15937 -22535 91260
63581 -6802 -16738
75 31 12 32 26 29 20
20939 -29257 12234
-13819 82908 -80456
44837 -35507 33306
75 58 1 16 24 45 6
-48265 40806 87588
-94206 98121 26120
-63061 1921 98041
75 11 50 14 35 33 7
-66897 -14750 42338
-90512 46876 -82468
-25894 15664 88660
76 2 50 24 22 20 34
66257 -84934 -21479
-50630 -4897 -93259
21435 -43078 52367
76 30 31 15 22 30 24
-42137 -73680 -77058
75188 -34758 49942
51000 46778 95912
76 21 35 20 45 22 9
-54336 -98430 -82088
25402 67376 -22533
38531 83072 -72061
76 22 25 29 26 30 20
59530 79162 4234
-80803 34487 11993
-34691 81367 -98952
76 18 23 35 21 41 14
-41798 56154 52871
30980 79468 47360
-25001 72490 -18245
76 14 34 28 10 31 35
-78137 -36026 16570
-8803 66816 72026
81154 -77425 -34690
76 21 13 42 34 9 33
-58768 -36844 -14253
94738 41091 -59174
88020 -42900 12466
76 3 27 46 7 4 65
37059 -64866 2648
-53121 74638 95658
13582 47549 -58136
76 12 21 43 41 25 10
-1866 -48633 -64512
-12653 -88998 -48359
34012 40636 -83470
76 24 37 15 37 7 32
39015 81418 -80813
-8048 48965 21384
-13487 -60896 -86733
77 34 12 31 7 41 29
-32023 85240 -8619
66459 12058 17644
-63479 64648 70478
77 15 28 34 39 19 19
-9407 -29608 72543
-72480 52032 -67310
46785 -36338 -87210
77 42 35 0 3 69 5
-3391 -13550 68999
-28271 -31463 -34257
-35261 -63628 -19752
77 41 3 33 30 36 11
-9848 -89246 58878
-36431 -4745 65069
-36525 -14541 -74763
77 60 6 11 12 10 55
89650 66649 31609
-50971 -29678 84729
-97918 -54744 -18410
77 61 3 13 36 17 24
-48288 30250 61091
8762 -99439 6892
-51005 -97386 55239
77 28 9 40 28 42 7
-45747 -71207 -12376
-32813 -41327 -97884
-15265 84570 -41223
77 30 21 26 51 26 0
-10999 -69900 16492
-12875 33928 86932
-8333 34316 49183
77 11 12 54 62 7 8
32100 -93729 -29807
-82427 33718 55188
45882 -88465 52233
77 25 40 12 28 20 29
-43529 -16604 84488
-92425 -15713 -83865
20372 72937 18627
78 43 16 19 37 3 38
99047 -5014 9481
-48202 58323 82185
80715 -74869 -89470
78 23 7 48 25 16 37
-51686 64163 25937
15968 -61287 76649
-61697 -65692 -48042
78 1 74 3 28 22 28
-44164 -65251 31691
6349 73166 18202
-89547 -87962 68057
78 40 25 13 7 5 66
-63479 43575 -6428
26040 -48181 -1608
11846 -23988 -19997
78 11 31 36 12 18 48
83153 98673 65536
92244 47496 -66262
26656 78893 24216
78 15 30 33 32 8 38
-55995 -46784 79721
39719 86693 71582
59325 51704 64190
78 43 2 33 28 20 30
46390 -52844 54729
-42585 -74618 95356
-36509 -60083 -61152
78 40 28 10 31 27 20
-66068 48679 -37715
96442 15376 -93502
37522 -64570 -56589
78 24 26 28 22 33 23
74371 85466 -20948
85089 -93377 89302
-68770 -34227 94257
78 7 36 35 43 10 25
-97410 -55399 85681
-55030 -49014 -3404
28637 -17565 -69469
79 16 13 50 10 30 39
50844 -33855 20890
-41137 68025 -39772
40422 -12959 -52263
79 12 38 29 22 31 26
60759 94172 -15582
28158 -47830 -90274
-42470 -48243 -12636
79 43 34 2 28 27 24
-88159 -25037 5195
490 -84001 -51814
84595 48756 -85338
79 23 29 27 25 32 22
-82321 -21312 -50512
-90106 33136 84805
15707 -8308 -37580
79 52 21 6 31 12 36
45273 48638 -94102
-44907 -64270 69440
68422 -6775 -147
79 40 14 25 31 21 27
-29545 -41546 -96620
41099 -3864 65965
-32972 68594 88125
79 33 14 32 16 35 28
-54738 -87688 47408
2199 -12610 -26372
78815 -55315 -98840
79 39 9 31 24 23 32
83174 8540 -97911
50584 10331 -34619
-67862 -69024 17788
79 38 28 13 26 22 31
-86815 81445 -45272
26217 -10756 -579
62584 -82502 -80186
79 21 29 29 30 15 34
-62609 -30769 14484
46441 48121 -28354
-39688 23148 10929
80 45 1 34 18 22 40
-87127 48994 -76213
-49133 -98999 -50132
11012 25713 95972
80 29 22 29 37 38 5
77827 84590 -94575
-85008 -43392 -72204
-58673 -17483 3107
80 50 19 11 43 6 31
20486 99007 -97101
-79710 -94416 18439
71304 77572 68855
80 27 29 24 29 33 18
18670 -15004 -18034
37194 74686 36075
-1794 -35932 46149
80 24 30 26 13 15 52
29303 52776 12162
-58414 -18805 2972
-43619 -77354 7018
80 21 2 57 19 35 26
57719 -14089 85816
-98249 -3937 55037
13336 -63614 33327
80 16 14 50 14 36 30
76782 -2431 -22479
95499 72446 31204
-34773 -70625 3156
80 36 29 15 34 34 12
2664 14429 -1820
65107 -85073 -9766
-85878 22292 -70063
80 38 22 20 32 35 13
-20168 66003 -13989
47948 -69790 99249
-98384 -3284 51304
80 29 6 45 19 52 9
28981 10352 34271
-20368 34614 -71642
2516 -38447 -30799
80 13 14 53 20 26 34
5050 46769 87573
43733 -14118 55463
75698 71093 65732
81 17 63 1 32 23 26
56064 -61924 -39533
39091 91994 -89856
-56577 -64226 36584
81 33 4 44 2 23 56
-6169 55575 64553
92429 -28600 42696
-45375 54882 40235
81 18 16 47 47 0 34
-73461 -87542 90642
-54155 64772 -90198
96616 44606 -48486
81 33 38 10 19 27 35
-16978 1726 51589
-8066 -48535 99921
-15750 -11989 -80918
81 32 15 34 44 14 23
10777 -41971 -11108
78012 -71708 48269
25462 11374 36543
81 5 20 56 3 47 31
-88927 -80874 -72066
-84122 65699 -42046
-37162 -21447 1665
81 54 17 10 33 33 15
86346 -52777 -94132
-5618 9653 25542
14159 90349 32322
81 21 28 32 32 24 25
90445 29208 -74397
-11399 37900 -83980
65206 -84747 78783
81 53 8 20 34 38 9
7865 -61861 -60270
-30998 -15084 37675
-59832 -50108 25515
81 13 33 35 29 14 38
10957 50640 74659
-69934 -5771 78751
-36046 -76076 79960
82 13 34 35 40 14 28
-706 34522 42580
-67387 90734 -29545
-12504 -97940 85583
82 36 38 8 8 25 49
-7565 29368 74246
72139 36072 36235
96839 -17325 -10326
82 19 5 58 5 47 30
-55149 -74640 -51521
42248 10662 -98018
-68004 68442 -90445
82 9 28 45 53 5 24
17153 6895 83176
32140 -11750 81034
65893 -17477 99579
82 30 5 47 49 21 12
38573 -88383 -82917
-83789 -20732 -34065
-68550 -8337 -20970
82 42 4 36 16 24 42
-9359 -81875 -96574
-38806 72608 -1342
440 73591 -61756
82 37 37 8 18 18 46
-84437 -11774 76214
-58430 -88669 649
59370 30023 12205
82 22 44 16 7 44 31
-39034 -45602 97737
45816 -5575 -31861
75268 1587 -52939
82 32 24 26 43 9 30
50637 84392 96518
33197 99188 -94433
98853 -88202 -88907
82 56 11 15 40 2 40
-60247 25672 76157
79685 -4009 31568
-48309 53268 5679
83 13 37 33 55 24 4
-77641 -44805 -94912
16782 54981 4118
-31801 -20357 22093
83 12 63 8 27 16 40
64805 32636 -15451
43701 76579 -34396
83596 24033 47309
83 32 23 28 8 26 49
18944 -18460 -91550
-34217 -50685 -88071
94625 28322 -78633
83 2 57 24 14 35 34
30412 21182 -51389
-3156 29328 15458
24088 -75225 -53161
83 32 27 24 53 17 13
87707 79761 -52270
-15926 -79110 -89606
-55100 -2252 28156
83 26 28 29 8 68 7
92151 -70003 37039
95415 -10929 -3031
-22606 48988 21297
83 18 19 46 27 43 13
86491 62008 -6182
-31643 -80439 -82599
-91614 75589 -29490
83 40 28 15 38 19 26
83400 18859 68236
90866 22314 90287
99416 -43034 89047
83 20 32 31 32 3 48
68208 -31150 87924
-97350 38683 -54515
-26486 -78660 4348
83 69 14 0 17 14 52
26040 -91298 -10553
79796 324 -89796
6182 -59549 -16130
84 24 32 28 20 45 19
55244 -75666 -86083
10102 -88758 -32751
64912 45474 -43804
84 14 39 31 39 30 15
-12076 82575 50857
69196 -44331 -93391
29412 -5773 25750
84 31 52 1 30 29 25
43813 -12969 37480
45404 -77708 -51366
1377 -15198 37548
84 36 46 2 15 33 36
-60406 38215 95968
44119 -44972 49680
72797 95755 65200
84 26 33 25 33 19 32
68807 -19199 23326
40573 -32757 54789
-85088 -57024 11824
84 16 56 12 5 57 22
79852 59890 -63895
77010 -88245 -69033
-81618 81093 -89922
84 17 31 36 39 20 25
-59714 78822 18380
68364 30759 -76347
-4263 -74989 -50385
84 14 20 50 29 31 24
10355 14976 98737
88498 -21501 -29833
-68895 -97232 16097
84 25 17 42 31 25 28
-15041 73866 -96281
24888 -42899 9169
-49956 -53269 -82838
84 53 27 4 34 14 36
-24145 -41938 -87229
-16685 63991 -17939
71710 28252 61039
85 7 29 49 31 17 37
38728 18697 -66151
-89358 -41371 16674
25361 19517 14242
85 4 3 78 31 39 15
-86174 20638 -98133
-99076 40885 -76267
-60433 88776 -31847
85 30 29 26 14 31 40
23569 938 28892
-97316 -19257 72543
62342 -75320 2691
85 67 3 15 40 20 25
-24886 -99404 84113
11304 -58172 -79701
-92682 -59534 32601
85 9 17 59 25 33 27
84657 2313 76778
-36734 -29286 85348
-34559 -51999 87205
85 18 46 21 2 39 44
-7056 -56168 11072
-70914 12375 22264
95048 -58307 -9964
85 3 42 40 0 58 27
-30169 43744 -50956
-42150 27880 -73734
97449 -89343 87252
85 46 13 26 28 45 12
-90556 76634 -67448
16901 70909 96403
-82932 69765 -67038
85 43 21 21 1 43 41
45883 -18666 -49046
19334 -49178 75069
35883 55233 -42001
85 11 34 40 21 27 37
-23526 16598 -72405
-1842 -33209 28882
88116 -17121 15486
86 14 1 71 34 23 29
-66748 71721 43635
-11785 67717 52166
-59210 2867 19868
86 31 39 16 49 29 8
17901 30492 57913
-30416 72130 2228
2773 -96410 -99131
86 39 22 25 23 42 21
-22573 -56120 98020
61236 -13623 -6763
13520 29889 -26485
86 7 33 46 25 16 45
55887 55190 -20846
82028 -33306 84885
603 -46259 31758
86 16 44 26 19 59 8
-84514 -39655 -57932
96457 -78974 8606
21284 -20158 -82002
86 39 39 8 41 22 23
-40388 -80865 44458
14415 50066 21828
-12011 34825 3411
86 7 62 17 26 28 32
-29095 95262 -68627
33063 9596 4323
90242 83060 -2963
86 5 33 48 17 28 41
48877 70608 17070
-30979 -74647 96584
20354 -3525 8848
86 1 47 38 32 28 26
15546 17513 64629
-77161 -11186 -7103
26679 28072 -25971
86 37 15 34 36 20 30
-28379 -30721 62470
32753 87423 70360
-60430 -33358 -39551
87 38 23 26 33 7 47
98570 -93541 50863
-91293 -7411 12525
14004 -1757 -16847
87 33 28 26 21 1 65
-49856 -23671 19741
-44637 -26411 44065
70510 -50337 -89509
87 17 47 23 17 42 28
-94849 -62973 -68544
-9220 30872 85309
-61180 21664 -13037
87 34 24 29 24 11 52
-30864 57170 61693
94818 97143 39621
-86790 26771 -83008
87 63 5 19 0 0 87
52451 -58932 -59496
17924 -29987 16570
-13307 97803 -83620
87 4 42 41 38 22 27
-46554 -56127 -83763
4430 -99818 41133
-81084 -82324 45749
87 38 9 40 28 49 10
-90963 39240 25188
-56461 -54593 -28437
1882 -54201 -20196
87 21 10 56 52 12 23
96610 57933 -44202
51037 -72118 99634
-14338 -78643 80218
87 38 24 25 16 30 41
41491 31594 -50132
44517 91003 -70881
-31097 -75098 38500
87 28 19 40 63 10 14
-89022 76145 -30203
76674 9657 60365
11383 -61480 50557
88 10 28 50 52 8 28
-15874 65708 -96073
-12643 71966 96095
-85732 -66648 27841
88 38 36 14 24 41 23
-2915 82270 -18682
67961 -18321 -50464
29983 8695 -37356
88 30 25 33 17 50 21
83978 -25810 95134
81917 -69062 -29780
-25902 78023 71336
88 26 15 47 30 22 36
84607 -53388 95761
98471 -87938 16981
28604 76665 86370
88 21 25 42 12 26 50
-25842 -73587 -53972
-6841 -48661 33989
72359 -80631 -2414
88 13 36 39 5 81 2
97671 -95786 -27720
54643 63681 60225
60950 -68335 -77490
88 38 4 46 10 66 12
43214 6915 -86741
-79779 74992 -19753
-91674 27532 -44940
88 25 55 8 21 31 36
95752 1066 2420
-33058 37021 -62857
-46775 89929 28491
88 20 51 17 12 15 61
79569 19334 -91989
-40307 88726 20370
-25276 -50612 43806
88 23 19 46 8 76 4
23748 -90878 -52022
76895 65887 49820
94096 97615 -93344
89 3 49 37 31 23 35
13322 -94785 39691
-4465 61755 -88746
-32780 5878 -49052
89 40 8 41 35 44 10
6482 68771 -7268
9128 61373 83692
75138 1903 -91762
89 54 18 17 16 39 34
-90823 -99197 14134
-31854 66994 -61027
63633 64426 -13575
89 5 52 32 14 68 7
11856 -6822 28542
-22705 -80894 -28598
84692 46603 97677
89 65 18 6 5 35 49
20235 61737 -79217
27682 -70872 -82531
-66913 54384 80300
89 36 31 22 50 19 20
-15115 2802 -38203
32216 45984 74777
-22874 -60601 -28930
89 39 31 19 47 38 4
20814 10291 -92783
-97127 43063 96424
71072 59430 27647
89 47 12 30 21 59 9
-99755 24470 16495
-86077 -74936 4429
73539 -19149 94888
89 8 65 16 40 24 25
-98059 61111 -52977
-47545 -16548 89842
-48488 -77762 -88306
89 32 34 23 41 12 36
16445 28154 8374
-1473 -77992 -65215
-4592 -36497 7151
90 31 30 29 20 57 13
-4896 -31010 -87876
90380 -6865 43519
-82367 -35712 91346
90 36 27 27 36 36 18
-83810 92240 81737
-99143 -46905 -49841
22885 -57381 15929
90 35 38 17 12 29 49
67351 -81519 -53886
55648 -311 -85921
-78306 5034 -91751
90 28 32 30 28 7 55
50376 -44328 -97704
-44790 82594 -65148
39611 -20262 75436
90 61 5 24 70 19 1
6251 -19199 21012
-86229 -14147 77175
-43587 -68790 -30887
90 60 4 26 25 9 56
8894 -43158 -65781
50751 15669 -40096
89404 -78444 -27666
90 13 46 31 42 16 32
41502 5034 28846
23579 -94959 -26305
98586 60305 -36243
90 38 18 34 39 36 15
-12116 -10829 -20949
-88858 98046 64387
-30225 82555 86481
90 20 31 39 0 54 36
34908 -82248 -36388
81378 25379 13180
80607 44339 -3341
90 3 75 12 27 13 50
-19109 92497 69568
86180 81849 -78317
44557 -47678 72922
90 31 27 32 36 40 14
59154 -95197 76706
-99502 7979 -55065
-82327 11067 -97242
91 23 49 19 34 27 30
61054 86316 -71495
65195 -87090 -269
32451 85916 88630
91 30 29 32 7 36 48
-77044 69311 73442
96048 -71985 94436
-98294 -60506 79104
91 33 28 30 45 13 33
-59837 71382 25202
73534 87938 -82825
-67754 14357 78927
91 46 7 38 37 19 35
64537 -87651 7930
74150 85339 -20496
65795 63454 76861
91 22 57 12 1 78 12
-48119 -22593 23859
35828 -18307 -43724
-70386 -33135 43773
91 14 46 31 5 28 58
62940 72980 48357
67829 -37020 -100000
10260 -80360 -34460
91 17 39 35 24 34 33
-19763 89355 -88322
22709 309 15057
61756 20024 53496
91 32 29 30 28 38 25
92977 4853 -64183
-35883 68735 77729
-61492 4711 -64363
91 16 28 47 28 32 31
55865 78461 14893
85346 -82882 -16059
-1980 -741 1198
91 38 29 24 22 7 62
-1808 34813 1463
-60081 -97559 -81215
23528 -14913 -61052
92 51 1 40 45 42 5
-19723 -50136 -8495
95062 11003 -67528
-25189 -79348 96112
92 36 27 29 19 21 52
-59330 -51007 22987
35497 1070 -8058
24427 -37848 6598
92 20 40 32 37 10 45
-12195 -20872 -79431
51732 -25708 -54039
38406 -74381 8360
92 36 41 15 49 24 19
5480 -62655 44542
-69851 -2828 48185
-19519 44483 -99497
92 8 4 80 12 67 13
-2085 -45032 -33607
46240 47363 86915
1342 40402 -4703
92 39 33 20 31 28 33
-49373 -87167 28980
93519 59684 28231
76716 -25711 13745
92 30 50 12 21 35 36
59031 -81480 -20100
28788 -24630 -95757
-38186 -29028 -3425
92 30 35 27 19 38 35
-23016 -22156 84283
55630 59760 15238
-58014 -12317 -12967
92 40 29 23 28 37 27
-74427 -68276 -38275
42181 -50287 -99119
-93861 -51242 -25519
92 60 0 32 73 14 5
-74598 74933 -55652
-23305 19785 -9624
-27991 -87333 12537
93 56 0 37 11 68 14
19513 91311 -4227
33390 41970 75345
-8707 -1044 -73798
93 42 4 47 14 40 39
43505 -99351 88723
-103 -3542 9224
12833 17705 -74563
93 35 36 22 28 56 9
61434 15215 60515
-79799 -35883 -6316
36495 -30977 14233
93 50 20 23 25 39 29
-16763 87411 57419
81776 -61025 -31499
-72826 61000 98768
93 32 38 23 17 32 44
-9640 84425 -61119
-31854 31045 -35735
5779 45464 93126
93 12 10 71 32 38 23
-1345 76869 -83149
46462 63250 -21523
-24072 69713 92771
93 35 42 16 2 30 61
25768 -95631 -88193
60772 98828 4403
47126 50470 35122
93 63 4 26 1 42 50
22215 73616 82606
-8155 -13407 -18343
40902 3612 4843
93 52 10 31 5 38 50
-15111 -86546 29825
47785 41803 -32494
-51194 29734 26242
93 45 22 26 10 19 64
-89410 66533 -29228
-90146 43087 72247
84655 42548 53261
94 29 31 34 40 35 19
-79377 41389 -54077
-54977 36978 15201
37329 1321 -64264
94 88 6 0 44 30 20
-40383 55153 34097
7204 -34148 44626
91579 24129 26792
94 11 48 35 17 16 61
64687 74546 36572
81993 82205 44728
38721 71303 -883
94 25 30 39 23 36 35
-91441 2707 -92119
82314 38057 93057
34523 -95130 -80691
94 43 9 42 46 32 16
-4843 56690 21399
-19460 -1858 95877
6971 32135 -22466
94 20 32 42 30 18 46
45421 -88697 93039
-90493 -9920 -87321
10684 64820 4391
94 35 28 31 34 5 55
-5126 43986 -27315
15049 -99467 -80931
31436 -5349 -15184
94 45 15 34 44 33 17
-702 -68692 -56977
35443 -80140 -22568
2435 -59037 71442
94 32 35 27 43 16 35
-10901 84106 44097
-15121 -54666 40472
-86531 -616 14993
94 27 17 50 45 25 24
24373 -96609 -16694
-6613 -44189 12241
20924 15718 88855
95 30 33 32 85 6 4
28921 54651 -2398
67081 -63310 91244
-59575 -64520 7824
95 12 35 48 24 14 57
91753 62334 12651
-46508 63962 -98000
-98705 -71229 -51619
95 9 17 69 22 42 31
-10501 -43536 -66007
52885 -99123 81989
-36619 90139 10400
95 10 36 49 31 33 31
13616 -45579 53429
83834 -51192 -99269
-40534 87575 -82043
95 42 51 2 45 30 20
-60175 -1864 -70218
-81707 -49627 79806
-10737 -34223 92711
95 24 35 36 14 35 46
52959 55193 -67495
74908 84498 24861
53853 -43654 80674
95 18 61 16 31 33 31
-48891 -14622 4783
72873 86031 -12789
42823 44108 92381
95 10 73 12 32 57 6
35616 88486 -45993
-47405 -22710 -76435
-16334 54970 -13153
95 49 6 40 37 47 11
59642 100000 -80162
-55089 85256 -72163
54525 -58567 49298
95 14 62 19 52 3 40
-10698 -75725 85987
89319 -77593 80693
-66746 -89073 89104
96 33 18 45 47 40 9
-80169 -21480 11322
43358 -49578 -98532
-26615 89733 830
96 9 29 58 7 55 34
22614 85009 -77235
-88366 -71201 -51678
23848 -96160 -36200
96 43 8 45 11 23 62
47093 17387 51112
-74464 70747 24614
-57940 -79530 -24636
96 30 37 29 26 55 15
-38250 -57511 53066
12239 -56391 -44707
54631 -22944 48468
96 15 39 42 32 26 38
-93420 -93438 -3986
83434 -84019 77717
-82698 -49040 -37386
96 35 42 19 44 52 0
-86067 54314 43192
-37316 92788 -13986
-41970 -68511 -25961
96 43 27 26 52 10 34
-95533 97729 -32807
-5289 86838 -90395
35846 -89021 56698
96 15 48 33 71 2 23
-54006 97413 79447
97167 68900 37888
-23086 -58261 11468
96 40 36 20 41 27 28
93134 13858 42584
-99037 -24623 -77882
-39678 35503 34711
96 0 52 44 42 15 39
20632 4132 -18804
-85149 -41701 25185
-19669 79236 54559
97 30 39 28 35 25 37
-43591 -64261 64582
-38143 2885 78307
-90396 32507 73253
97 23 55 19 35 8 54
-4339 62711 8616
65245 -83009 18908
60660 57173 37177
97 12 55 30 39 1 57
15432 -23209 -37268
-68688 47670 80414
-49973 -76787 -28721
97 20 57 20 12 27 58
-73886 11280 -87800
-56224 -62247 -42098
-94140 61103 89786
97 4 91 2 1 78 18
-95756 -93964 95166
-45689 -6623 -47321
68868 84750 -23303
97 7 39 51 42 15 40
-1013 26712 -62883
-6847 -92727 85926
-79229 -98208 76253
97 31 57 9 8 52 37
-81785 30569 -61034
67049 24860 -13165
45973 -85699 -25714
97 33 50 14 34 43 20
-4546 95308 -97118
23144 -55668 86605
9059 27253 68183
97 4 56 37 40 38 19
-20423 -86262 50155
42209 -73717 80431
15489 25409 -39563
97 7 37 53 33 23 41
-58702 -4816 -28253
-36707 64893 -64481
-3681 -60458 73
98 50 34 14 35 15 48
-74133 -8582 7483
-62774 351 -30769
8444 45992 -54148
98 43 50 5 36 7 55
-61920 -69301 24728
81866 -52530 -55378
-12174 83520 -19440
98 27 21 50 63 26 9
-74533 43207 -35030
74212 -60998 39550
-63578 80819 -60373
98 51 41 6 9 41 48
86367 50327 4589
17185 -21281 -17074
-64998 -72568 52545
98 19 51 28 42 15 41
-35825 26155 50191
-36018 -38368 96858
47306 11857 -90700
98 52 9 37 13 58 27
92659 -60229 -12543
71086 -80484 -98467
-68587 36366 33034
98 22 11 65 98 0 0
-10440 95991 -7365
-81442 75708 -54654
-21244 -23403 21286
98 29 19 50 38 37 23
-53462 -667 28925
-98519 42821 43868
-48246 58659 19861
98 35 48 15 21 10 67
69536 -70394 38076
-40116 -91740 57449
99490 -87346 -38215
98 22 44 32 39 42 17
27222 68399 58813
71473 27373 78901
-85457 -66097 73915
99 60 9 30 45 9 45
-99584 -23024 38449
-12637 -62531 16054
-95469 -40886 48688
99 45 9 45 2 42 55
76331 -52836 8708
-79577 54287 -5715
-42740 -6851 -76738
99 24 42 33 42 32 25
44972 -38888 -10977
-82288 81814 17604
-55939 90906 -36148
99 54 35 10 47 38 14
68679 -37371 55444
64668 -92433 88388
94832 76750 -4244
99 37 27 35 8 88 3
-18453 72263 -62698
-81883 56400 20454
20740 -3455 -95073
99 23 56 20 41 14 44
-40255 -44846 -84779
80944 -24177 -89517
-69804 -25508 -45742
99 37 10 52 28 29 42
78392 -95454 -3537
10174 6330 -21110
22875 75952 -6401
99 3 44 52 10 87 2
-98540 -8212 4297
-74578 -28898 38936
20361 -8476 97120
99 35 22 42 42 11 46
57208 -73764 -97873
74381 -43900 74100
5755 -16011 47293
99 53 38 8 45 46 8
-27177 -94195 60024
15072 -32636 -11637
-87486 79540 -50858
100 4 40 56 40 21 39
91790 -60335 73707
-63518 -13925 74278
-1089 83592 67075
