1000
1 1 0 0 1 0 0
1 2 3
-4 -5 -6
-7 -8 9
3 1 1 1 1 1 1
3 1 4
1 5 9
2 6 5
1 1 0 0 0 0 1
15558 21297 61657
-48524 56835 12315
-32686 59556 34706
1 0 1 0 0 0 1
-55373 52552 12699
85705 -49973 -43877
32653 -14041 -33831
1 0 0 1 1 0 0
-87307 -83867 -54330
60894 72564 -52646
-45026 -3435 64260
1 0 1 0 0 1 0
-57910 49887 32327
13591 -60585 -8941
67649 -34488 -38321
1 1 0 0 1 0 0
-23765 -93769 57862
-89877 46001 -37800
79253 -49622 77090
1 0 1 0 1 0 0
-72674 22599 68700
-7740 -69846 28108
41670 57896 69734
1 0 1 0 0 1 0
26530 -98717 -93977
-5606 8541 53571
34066 -31101 84754
1 1 0 0 1 0 0
-15601 -56392 -62817
46596 -47521 58181
58130 -76399 -34665
2 1 1 0 0 2 0
37064 20956 -77900
-9610 -79559 -18969
-16032 50470 75339
2 1 0 1 1 0 1
-80279 -49692 477
21903 -44429 42911
98096 29069 90630
2 0 2 0 1 1 0
-84559 -62211 8493
33365 63135 73561
-27274 92783 99069
2 0 1 1 0 1 1
-27477 -87169 7088
-50754 -95497 13061
12161 -94213 7931
2 1 0 1 1 0 1
-55481 -27210 56399
18768 91074 72589
-94942 16298 -20648
2 0 0 2 1 1 0
57088 -67537 -6302
19511 -87529 -15016
50819 -70272 39015
2 0 1 1 1 1 0
-23650 60388 8873
-3616 48550 18658
-29520 86921 -41449
2 0 2 0 1 0 1
39650 39219 52484
212 -64993 -54737
17157 18217 -54334
2 1 0 1 1 1 0
-12200 -6876 -66821
90186 -18296 -54718
37940 66389 46856
2 1 0 1 0 1 1
61738 99558 -5300
14984 16901 -75524
11089 -87340 -4126
3 2 0 1 1 1 1
53126 47179 40464
8950 -5216 -39115
-1550 -11129 14504
3 0 2 1 0 3 0
366 -73586 -67806
90818 22846 -44950
-38038 44355 37961
3 1 1 1 0 2 1
-23847 35880 -92975
7645 54010 -32665
4873 49454 42566
3 1 0 2 1 1 1
70235 -53979 43105
-49247 63198 12006
-95904 -55695 1728
3 1 1 1 1 0 2
-53184 -26597 65600
-79721 11173 75174
-84736 70027 -89368
3 2 0 1 1 2 0
-95183 -85782 98287
97291 -18311 18438
35715 94646 88247
3 2 0 1 0 0 3
-95960 -14687 86988
-50240 -46644 -4756
-27560 -79151 -63537
3 1 0 2 0 1 2
92295 73632 3681
44482 91706 -64303
11821 86028 -7855
3 1 1 1 2 1 0
4119 81090 -28538
-68799 80823 22605
38597 -38251 -1882
3 1 1 1 0 2 1
91133 -93144 -26506
58760 -1917 -73764
-5595 -62008 -8228
4 3 1 0 2 2 0
-67910 -46205 32214
-14089 91808 89287
-23974 61052 -31315
4 3 0 1 0 2 2
-73545 -51766 61982
-68336 77115 -90738
54629 99317 10416
4 1 1 2 2 2 0
-94102 90301 70272
-20784 89915 -77127
-45408 48879 80294
4 0 4 0 2 1 1
59319 -80035 -26008
-5923 -6112 -60193
-45197 82836 -14629
4 1 1 2 1 3 0
24604 -95039 50239
-94041 99718 -45334
-36335 17247 -81616
4 2 1 1 1 3 0
25179 62249 -99350
73541 -15739 -38580
25207 -497 -50636
4 1 2 1 2 1 1
-41263 50320 4342
58111 -48807 40775
3807 -10617 2750
4 2 1 1 2 1 1
81870 21413 23309
46140 -2000 -52996
-31679 96278 -42971
4 2 0 2 1 3 0
48234 -28158 -97140
-71739 -59984 -80841
95104 -73156 -35541
4 0 2 2 2 0 2
8160 71051 20580
865 -67703 7495
84410 -78040 47636
5 1 3 1 1 4 0
5779 -73776 56430
-8531 45230 53125
-6327 20848 32206
5 1 2 2 0 2 3
78671 16784 -68824
-3013 68064 78095
-61582 75953 -6504
5 1 3 1 2 3 0
-332 69540 44531
85171 -68451 12168
54955 99740 -46333
5 3 1 1 2 2 1
-23832 26127 -14940
58140 -54540 -47241
-24451 58596 -59778
5 2 2 1 1 3 1
-98662 22522 45792
-54835 11297 -79374
59439 80379 42596
5 0 0 5 2 1 2
71697 -37886 -23260
73356 90977 39792
25191 89364 -20024
5 3 1 1 1 1 3
-13474 55982 -68391
-64369 56826 -67971
70421 -71845 33712
5 1 0 4 0 2 3
8734 21778 4842
58882 -55605 -40404
8410 -76993 48929
5 2 3 0 1 1 3
91816 -45325 5270
6593 -85878 95317
37599 99750 -37499
5 2 2 1 2 2 1
-79613 -86033 -83953
93634 -67860 56576
-66034 36238 77949
6 3 2 1 3 2 1
2067 -77724 -75974
78694 88848 33682
83143 -21252 -2382
6 0 5 1 4 2 0
-22086 83479 -68362
-15706 27050 14314
9657 -64956 12852
6 1 2 3 2 3 1
-11669 -59506 42259
76421 -43655 -40766
-41661 -3952 93699
6 1 3 2 2 3 1
-754 -60392 72538
89822 87992 -15557
-14235 56292 71434
6 2 1 3 0 5 1
17195 61967 6165
17593 -99274 82394
84523 -15348 97155
6 3 2 1 2 2 2
38250 65214 89323
-87857 -7916 93920
36732 -61970 4459
6 2 3 1 2 1 3
4777 28027 -87172
85453 -44200 1390
80 16677 649
6 2 4 0 1 3 2
-21439 -8115 68869
-94556 -84678 -25733
68809 31655 -88150
6 4 0 2 2 0 4
-6650 -88499 -13835
-42485 58649 -30322
7649 67923 -70226
6 2 1 3 2 3 1
-41715 39227 18663
83516 -39833 -59982
-57324 97321 62188
7 5 1 1 2 3 2
-73172 85949 49589
-84148 35538 -14037
17545 -96084 76349
7 4 2 1 1 3 3
-17845 -79130 49464
-66612 -36045 19265
23125 -57491 -61829
7 1 3 3 1 2 4
-69174 -29950 99101
-63082 21686 -81342
-55088 -66306 63677
7 3 1 3 0 5 2
10242 6844 13889
70855 31068 -91737
20523 43174 -13185
7 2 2 3 1 3 3
58288 70824 94247
-51289 40374 8332
28239 -33034 90014
7 2 2 3 2 3 2
-69421 -35503 -39018
-84065 50303 -55635
25985 92894 78141
7 6 0 1 2 1 4
-18004 -90052 -45068
-9031 70099 -78143
-14087 -45811 -16231
7 3 3 1 3 4 0
-6197 714 20573
31511 77212 6560
-97207 -69599 68250
7 4 3 0 4 2 1
-77065 -71577 -35937
-68555 85583 -25518
39277 -17042 63316
7 3 4 0 2 2 3
-30044 -65666 49250
-93894 -519 -41802
-38401 -96532 -61104
8 1 3 4 1 2 5
-97255 41127 52184
48660 27624 83540
-49043 -40171 36319
8 4 2 2 0 4 4
86554 98356 -48669
36988 -96174 23492
-56010 -80900 -92013
8 0 5 3 1 4 3
-4818 -89225 -61003
58160 -85191 59220
41121 -20908 -87901
8 4 1 3 3 1 4
92126 47218 69665
-39939 52236 38708
62917 14280 -68253
8 3 5 0 5 0 3
14831 71410 -43234
-82704 -78597 -97577
88408 5937 60764
8 2 4 2 3 3 2
-33677 -32430 -62948
-79006 -27082 65771
55143 48244 62490
8 4 3 1 3 1 4
22466 -79198 66148
-84744 2626 17606
-36137 -90511 -92296
8 4 1 3 5 2 1
-51620 -92928 -56730
47940 18191 53094
13103 -91214 99513
8 4 4 0 2 4 2
33158 63700 -16660
-51088 30260 32814
18705 -96568 -10666
8 1 2 5 3 5 0
71407 78909 99510
-59413 -60500 25296
-12198 -50719 68188
9 3 3 3 5 1 3
21721 -25756 41122
-29806 50768 54884
21028 -26324 1315
9 0 5 4 5 3 1
75566 60359 -7701
40280 -5418 -3342
-51865 -50360 -26946
9 0 2 7 5 0 4
-3085 47353 21425
46139 43737 84572
-95504 94589 35004
9 2 3 4 3 2 4
61699 -45775 52921
-39030 -72877 -48618
8353 -57563 47264
9 4 2 3 2 3 4
46670 -72802 -44535
28709 26729 67805
-73539 40632 -60376
9 1 2 6 0 8 1
-88462 10154 -23092
77125 97371 2558
-69730 76469 87686
9 1 6 2 3 2 4
68321 -57549 -67784
49042 -1684 15083
-20366 51102 -97889
9 6 1 2 1 3 5
26060 70152 49987
-55420 -47525 -20537
15392 983 -92013
9 5 3 1 1 5 3
-52700 -78258 79818
-39168 -49483 32959
-40190 -76917 -75985
9 6 1 2 3 4 2
28632 551 -82062
65361 -75766 87106
69875 79983 -96109
10 5 3 2 1 5 4
49139 50709 41050
14640 85172 -78800
58319 -5109 -97992
10 7 2 1 6 1 3
-94457 12982 32469
90573 -96997 4521
22402 77349 -84776
10 2 5 3 5 4 1
-88191 -54058 77992
-75582 18025 -69287
55910 13939 37742
10 4 2 4 2 6 2
97202 60812 -20652
81719 54849 49911
63455 -63489 39147
10 4 3 3 5 2 3
-30294 -75364 16357
60353 43928 99145
-17213 82936 5150
10 2 4 4 6 3 1
-2322 22645 91486
-96422 81235 -70120
-35198 29333 -16953
10 4 6 0 3 4 3
84291 -28706 -98287
-25469 -54929 22892
47875 -72380 32669
10 3 4 3 4 2 4
73183 -74411 -52906
-46350 -20495 -47548
73846 13784 -89970
10 3 0 7 3 3 4
19765 24539 -58056
95126 30763 31981
-37842 80978 90284
10 1 3 6 3 5 2
97747 56086 -68583
-60133 -18725 84399
88113 10914 19876
10 5 3 2 3 1 6
59506 44275 98775
-72273 -15294 -13290
-11209 88790 -78671
11 0 3 8 5 2 4
31151 -19467 -54737
92746 -93860 -24593
89079 -6109 25474
11 5 5 1 3 2 6
-53254 79359 -10754
-39063 7846 -90629
10819 -17878 -69920
11 6 4 1 5 4 2
41151 -61866 -4403
-42315 -59027 -84334
37006 -53599 -33557
11 8 2 1 3 6 2
47828 -25191 -99417
21199 48927 -21814
-38238 91390 21635
11 7 3 1 5 0 6
-32087 -33714 -22472
-49421 -25095 67864
57516 -52534 -89171
11 6 4 1 6 2 3
-98894 95812 -57664
81214 -85184 68274
27590 -6412 -2300
11 2 2 7 0 2 9
11997 -43761 64169
46241 -81552 -22756
24842 37543 32438
11 3 2 6 3 3 5
96483 -96264 -93010
74964 55923 -85506
-54283 7551 -46573
11 7 2 2 4 2 5
46835 -67902 39632
-59280 -98831 -16267
-41472 -3859 -37224
11 2 2 7 3 1 7
-3908 43601 31684
-46814 -67584 -87468
44974 -40708 24867
12 2 6 4 3 5 4
-85183 21619 43640
33859 -34537 8959
92694 46026 -87151
12 4 6 2 4 6 2
-72217 33862 74766
97233 57079 -72975
-63544 18624 78547
12 1 4 7 3 5 4
53349 78245 -63760
82869 -4184 2293
44228 -57287 -52763
12 5 3 4 0 3 9
-34084 87749 -69177
-30280 -20228 -18457
23526 94316 -98772
12 8 2 2 8 2 2
8445 -17301 -60907
-15528 -23619 -90888
26135 -65303 34101
12 3 0 9 4 4 4
-87716 35615 55233
28045 51882 18001
83603 63350 66410
12 5 4 3 4 4 4
64997 -39763 73913
-99342 -94995 -74672
-57949 -58927 -4608
12 4 3 5 5 2 5
-12099 13419 33287
99649 -44330 505
-26115 88660 22130
12 0 4 8 7 1 4
-13305 83842 84186
-38825 12415 24183
-9848 -46366 -77300
12 9 2 1 7 4 1
33933 -31912 98689
2529 -34558 -1932
49976 -42386 -42178
13 1 6 6 5 4 4
-74858 -40781 -42840
-74178 -37594 63704
-58202 32095 86658
13 5 1 7 3 8 2
-36812 -36638 -99507
-29284 -79674 92187
-2973 -47762 -36032
13 4 3 6 6 5 2
26606 80320 -83032
95883 -62613 -66148
88034 34402 -40611
13 0 6 7 4 6 3
84508 5089 -23851
-7866 -34076 69147
38310 44677 -28027
13 5 4 4 5 4 4
-61179 -92932 33523
-11165 -73243 -89849
31431 64528 -13823
13 3 6 4 0 12 1
86183 -40737 98899
20041 21151 -93425
-99604 97496 -56178
13 6 3 4 5 1 7
8448 -64586 -297
6581 76248 -59741
11330 -96889 14217
13 12 0 1 5 4 4
41164 -57605 -97700
-48372 33045 6908
-96234 -19955 31161
13 4 6 3 4 6 3
53243 82759 93910
-63108 -10641 -36124
-14211 -61685 88886
13 4 3 6 1 4 8
42814 -5193 56424
32004 -24435 -93445
88071 19115 -94821
14 5 2 7 5 1 8
16797 -60290 -97309
-87841 9856 24936
-91006 27623 11114
14 9 5 0 10 2 2
47039 48617 -75283
83488 8262 -8474
-74322 -21883 -24311
14 6 5 3 7 5 2
-25511 44990 63505
-17464 -73157 -18646
-95 73522 -98896
14 1 5 8 2 3 9
70341 -63435 -1726
60440 -74328 -43783
24124 66979 -70457
14 2 7 5 4 8 2
84353 29434 -40739
76589 -38537 -15962
18369 -81100 -55708
14 5 2 7 0 9 5
99393 60975 52918
22295 -63018 93191
10887 16862 -95993
14 5 3 6 5 4 5
-18476 65433 -77154
-1479 -55214 67209
-93392 97196 -2406
14 6 5 3 4 6 4
73549 -92040 -89389
-59312 -14187 33177
51892 83426 45920
14 7 3 4 2 6 6
-3872 81202 -33644
79741 -50379 -54183
42018 44849 -47084
14 7 2 5 8 0 6
74517 88365 91479
82402 -52061 -49775
-25239 72810 -75741
15 2 10 3 7 3 5
-15372 95474 47895
40732 7150 86844
38521 -96534 -38809
15 9 0 6 0 7 8
-61928 61281 -23651
79079 69524 4408
30820 -25195 27793
15 6 4 5 7 1 7
-71853 31095 46285
-295 -17183 47805
-28707 -39876 77145
15 1 6 8 7 2 6
840 15085 -67155
-35794 70436 40992
-53892 -93855 -90921
15 4 5 6 3 6 6
-54407 47496 -5842
-51048 -92481 -14951
-5776 -70707 33108
15 1 4 10 7 7 1
-32405 36464 53545
25720 -885 91878
70338 66966 41758
15 2 10 3 3 7 5
-46914 35122 -7821
54001 60164 -32801
63668 -70264 -7723
15 2 8 5 6 1 8
82649 96090 -77039
-12377 44528 14553
-77150 -88349 -48682
15 6 4 5 5 5 5
-77807 77325 -18219
-43992 86761 92452
-92822 -77936 -80716
15 6 2 7 5 5 5
-97877 71617 -45917
87784 -26640 -37381
-9661 66160 68527
16 4 4 8 2 5 9
-18967 -70114 54948
-27533 -68994 -39724
-52848 34339 -64329
16 6 2 8 7 6 3
-20885 -46618 -98971
43688 -26421 -95721
64745 85218 -80925
16 11 4 1 0 9 7
-12499 2845 11997
-77564 -44571 -18681
93667 -73103 -57408
16 1 11 4 12 2 2
-52622 38954 45972
74086 10888 62533
-70436 -5881 -76683
16 4 6 6 10 6 0
-18967 -91140 -75997
-22746 -72409 -69848
-89943 -56521 78950
16 9 1 6 6 8 2
-42016 30909 -53581
96624 -54482 -69757
27954 55677 73120
16 6 5 5 4 7 5
42382 39279 -49177
77892 68769 85644
-56888 94760 79982
16 3 9 4 5 8 3
86666 -60541 -57907
-7921 -22645 61973
-93099 25077 4300
16 4 1 11 10 1 5
19841 80584 -99110
44501 -62770 -94273
94581 -32868 -62364
16 6 4 6 5 6 5
-23424 -46867 -60991
12824 -30439 50526
30347 -20015 50834
17 3 1 13 2 15 0
12796 -703 90702
-73566 90988 73079
-92573 -87126 -55532
17 4 8 5 3 7 7
84526 33772 -78009
-25901 -38649 2204
99652 -7716 93474
17 6 5 6 7 4 6
-83428 -24995 64676
89359 30033 -85242
22088 -95710 80420
17 6 7 4 7 7 3
-25003 -98118 -16082
78452 20260 -66268
-29984 81756 17151
17 1 8 8 6 6 5
-69200 57823 -31668
-46648 -32818 25757
7414 -21980 15798
17 4 7 6 0 0 17
-87254 -34588 89648
80802 68769 -59455
-90792 23018 -32496
17 3 6 8 10 7 0
-70928 -64007 -52919
-88392 21478 22251
-73929 -78953 13032
17 8 4 5 5 11 1
-78294 53976 60577
43696 79808 -65032
9601 -47398 -82855
17 5 1 11 3 7 7
-92205 19847 -87477
-42083 31268 -30762
8769 -55029 49299
17 5 5 7 5 10 2
86232 -48447 65506
-21382 -66128 75151
-81272 93303 -45428
18 1 9 8 7 8 3
-14834 86698 -1355
55068 -52710 -49813
-35420 26041 -48919
18 4 5 9 9 7 2
30207 56647 24049
-2076 85362 48536
78657 44315 -20863
18 6 11 1 6 3 9
-24579 41837 33473
51066 -88491 -72603
-13016 -94705 50571
18 2 13 3 9 6 3
-30489 -89838 80068
54200 63623 69787
-78857 82024 -42546
18 14 1 3 0 11 7
-28142 73658 76774
19656 69129 -53234
97695 -1863 26393
18 5 10 3 0 13 5
-84827 5743 68381
-50201 52742 -33716
-9831 92312 6736
18 2 8 8 2 8 8
-23715 -17517 -20327
67637 -41386 -85599
21378 -35114 39766
18 5 6 7 10 7 1
44662 -95554 -4653
-36700 -57784 72308
-19892 78006 68042
18 4 1 13 7 6 5
-62030 83583 53886
82527 70927 80809
-58872 75699 81590
18 7 10 1 8 9 1
-88312 84743 23213
-91536 35427 17827
76897 -32315 -51395
19 9 2 8 5 6 8
-70885 27448 -77714
-58100 -20069 30519
8756 -79327 -11246
19 7 11 1 4 9 6
-14252 18689 47417
-91973 17589 44439
-13400 94930 21794
19 7 9 3 13 0 6
-68707 75938 -24065
-81305 -32167 -72637
78086 -98609 -33192
19 9 8 2 2 8 9
3714 43658 94957
-28275 -5450 -11176
98023 -86382 70531
19 11 1 7 11 6 2
-48882 20782 -82443
63447 -52828 85849
4270 -22896 -24253
19 4 4 11 11 5 3
54157 -18906 -7829
-59711 64037 -18245
-37761 98046 61485
19 5 10 4 1 9 9
-29739 -11112 -41835
60759 -97219 -10855
-34295 81923 96429
19 11 6 2 6 7 6
18964 937 69513
-81169 -43835 -27079
-6669 -59398 33813
19 11 6 2 4 11 4
-31043 -53220 -39886
32836 -88828 393
4684 -38951 29967
19 0 1 18 10 1 8
8920 61007 -18766
-37656 -18169 -6268
33437 69021 -84579
20 6 6 8 5 4 11
-86531 -19262 77502
-45470 75652 -36695
70927 -19499 -11894
20 6 7 7 0 20 0
77768 577 -65744
43636 22515 -13616
61377 -76064 53471
20 9 7 4 7 7 6
96571 4868 -42395
37381 -46614 -89665
58789 -81402 93801
20 3 2 15 6 6 8
-10471 39135 -28021
88071 -83457 4984
70552 -57474 13706
20 4 12 4 11 4 5
-96643 59761 -9000
-51310 74539 98645
-42748 7692 -63316
20 9 7 4 4 6 10
-58015 -78629 -44409
-90387 76239 -24215
-69652 -59033 -57916
20 5 8 7 9 1 10
-54972 -8510 86216
36117 15573 46001
66511 68517 -50889
20 7 8 5 6 9 5
44533 43501 -58892
-97455 90340 78236
-80495 32082 46781
20 2 7 11 11 6 3
-84078 98139 24757
28869 28121 -79121
-80859 -7077 23703
20 4 13 3 5 7 8
-93601 -50456 22652
-72328 -73878 22352
45849 8098 57509
20 9 2 9 7 3 10
26899 4668 -47502
6989 -29891 -63260
91879 -8295 -88526
21 6 7 8 13 2 6
-84859 9783 -82837
84543 46090 -71003
-90978 -68687 -14529
21 0 21 0 8 7 6
-56119 -29639 32828
-65324 -95941 82620
70714 -26767 -87920
21 4 8 9 6 1 14
-72324 -87481 59182
86810 -16977 77971
-9313 -67637 -58101
21 4 7 10 6 11 4
18943 42822 -52636
64199 -41122 -95486
-94269 -7882 -88501
21 4 6 11 9 6 6
-40744 -36407 -61703
81760 -47943 -61318
17849 -63561 -78357
21 7 2 12 9 3 9
77753 -96507 62868
-74086 77792 60296
13425 4741 -94495
21 6 12 3 11 2 8
2498 87426 -6637
31342 -71483 -44584
66396 -66718 -43370
21 7 10 4 9 10 2
-82366 61846 95693
-88179 -57185 -41293
75213 80239 60964
21 4 9 8 14 2 5
94469 87706 24277
4726 87440 -88154
-33834 -39035 -69722
21 5 11 5 8 8 5
22869 40560 -41774
52185 4674 -88846
6850 96369 4273
22 5 6 11 8 1 13
-17576 82809 -63188
59865 64119 51714
76325 25495 -8006
22 3 6 13 5 16 1
-77296 -5252 72693
-44697 -35250 -29574
4799 -39549 -83233
22 5 8 9 7 7 8
-24640 73536 -98863
30114 44093 -73394
-73713 58573 33857
22 5 14 3 10 8 4
-66173 -15887 -6139
-10596 -76307 38741
61465 -93942 -72212
22 13 4 5 9 10 3
95252 98586 3670
-97402 -59015 57702
-9139 -48351 82328
22 12 7 3 6 16 0
-42627 -66139 6844
68742 37458 79971
-6431 -1492 63950
22 4 5 13 8 13 1
89846 86466 -9346
25050 29978 -95723
-88653 43636 -50514
22 10 9 3 7 10 5
-79034 95019 4267
3315 -85831 77287
59841 -95000 56905
22 8 5 9 13 3 6
54191 -24433 70985
58218 -58063 84246
32883 60288 -79918
22 7 6 9 5 11 6
-89359 -84321 25075
65300 -43952 -22477
-46623 99611 14633
23 1 17 5 0 9 14
20470 -29659 97572
20510 -42099 -76242
-27853 -54435 -34909
23 12 3 8 8 13 2
69370 -69102 55185
92934 -94873 18325
19946 -2456 20618
23 12 7 4 10 2 11
9099 92252 9643
-24089 -71744 -14739
23543 -30788 16534
23 6 8 9 4 10 9
80206 77955 68650
-79572 -65456 -11991
21917 63887 74896
23 10 4 9 8 9 6
-89377 -97240 18364
-80511 -71000 -24815
45479 -12385 64180
23 17 1 5 1 6 16
-12823 -39434 72184
-88516 -39184 -55781
-43355 31549 74254
23 11 9 3 11 5 7
-68165 -75806 -7265
57207 40602 72884
-20153 -97819 -19301
23 11 5 7 2 19 2
-45545 -75590 -22465
-17552 -76520 11761
-72185 89930 68527
23 6 5 12 1 16 6
-33240 -19695 -27654
-7063 7549 -30817
-4351 3995 -27871
23 1 14 8 6 6 11
65296 16094 -9392
60739 -75322 -2666
76027 -44571 38238
24 10 13 1 2 19 3
87500 61156 -55053
18187 64050 -98254
-20160 -99741 76907
24 10 3 11 8 5 11
-42297 87766 -11685
11332 -94151 56719
9043 14775 34848
24 7 1 16 3 0 21
-15440 -80600 -34788
78401 -66503 -96284
33825 -87558 -90634
24 10 9 5 7 10 7
37924 -76268 61489
55461 28703 -75853
-75563 16757 -71193
24 11 8 5 14 2 8
-29311 -9629 69426
-82760 15133 27717
-95788 26047 -3534
24 7 7 10 12 2 10
-75676 -25285 96270
29930 15496 -52384
-30240 75477 -54892
24 14 7 3 6 16 2
-96804 -92838 91000
-15332 -91988 -44386
45940 -75696 26561
24 3 12 9 6 12 6
-37748 -79142 1185
-15500 47019 72755
-25461 -39283 20992
24 9 0 15 13 0 11
-84882 -50071 -13078
-45600 -2467 78889
-61332 -35662 34084
24 6 9 9 3 11 10
-69137 -71819 -43267
-49833 49020 62287
-80620 -34376 -42077
25 1 7 17 1 12 12
-63681 -58772 46421
18489 -34329 -82276
-98859 87735 56573
25 6 7 12 8 6 11
65769 76774 -46926
70863 79085 -75176
-49254 52420 64506
25 10 12 3 13 4 8
3997 50483 -7416
-1877 -85065 59115
21511 31843 57041
25 9 8 8 8 16 1
87117 -33592 67925
18623 67848 69520
47530 96727 94060
25 1 4 20 10 9 6
-14908 -82561 22966
39305 -99331 75691
87784 -10136 54181
25 14 10 1 4 3 18
-5951 1567 54201
99277 90913 91976
94849 66625 -64253
25 7 9 9 1 7 17
-78622 29776 -6566
-88691 -43160 -94016
-45333 -56864 39485
25 5 10 10 6 6 13
-58238 -49413 -27724
1312 8464 -49881
-22790 -23114 98762
25 6 8 11 9 8 8
-52363 -96003 -73979
33546 48673 -41985
87624 -49510 -43730
25 10 2 13 13 10 2
-25493 85718 7784
30698 -60138 -31013
-84792 -69755 87004
26 6 11 9 10 8 8
70666 99372 14742
88465 60380 59995
26074 76714 -86897
26 9 9 8 5 11 10
-1430 41333 58352
-78914 -88546 76028
-30102 -96472 86797
26 15 3 8 6 7 13
90858 -74124 -16151
-84949 -90452 -6209
78570 46445 -4899
26 11 2 13 2 23 1
14526 -20403 -8666
19106 41289 -95861
41040 -13398 -42322
26 4 10 12 11 4 11
-92250 -12425 99953
85076 -59101 -57065
48843 34603 1946
26 7 9 10 11 8 7
99966 88705 -96978
-38881 -75355 -73963
85105 20471 -25691
26 14 4 8 3 5 18
95716 -10736 -96348
-61475 -41366 22900
-26833 -18669 44916
26 13 11 2 16 1 9
-23864 -18132 -35501
-55559 89304 -41997
63896 99144 -57058
26 3 2 21 11 8 7
93935 49941 -83148
37325 85769 72143
85032 -97071 -26891
26 13 5 8 3 10 13
51608 57227 26191
4806 66438 66172
46642 -74427 -39997
27 12 3 12 11 0 16
98672 -69769 -17442
9955 20309 -69009
-32278 9525 699
27 14 11 2 12 10 5
-13562 -33696 40537
-78297 16200 -74760
63778 11488 64172
27 14 10 3 4 11 12
-34773 97675 24161
95463 -61950 -800
48889 -50723 62732
27 9 7 11 6 16 5
82254 -55646 -96433
72239 -41804 100000
96715 52985 -55997
27 7 12 8 5 11 11
39943 -67948 24795
-64054 -10745 -26424
-42533 -48994 18961
27 1 6 20 6 15 6
-94876 -77428 -65599
-81752 48620 24001
93589 54386 -45945
27 5 10 12 4 16 7
-46707 -31393 -78853
-83736 -46356 -88205
33782 99684 20850
27 3 16 8 3 3 21
60292 75957 67889
79896 -22350 -65592
36610 93236 79470
27 6 2 19 15 4 8
-70249 -26213 -14759
66945 25582 -41758
88103 -76757 -14686
27 3 13 11 12 11 4
-20437 -71430 10582
-73142 2015 32402
94514 -93617 47938
28 9 12 7 14 0 14
65786 -64432 -37909
25518 90345 -72328
-2852 -6978 67436
28 10 11 7 17 7 4
-85235 -82083 14371
-75391 -49924 -2951
15363 45709 -83957
28 12 6 10 16 8 4
-86704 -99773 5387
-94063 -17715 49697
40932 -33945 -63381
28 7 0 21 10 12 6
36270 66932 23870
71444 -60428 -5570
2247 41508 -23678
28 17 9 2 4 20 4
76155 -97604 -7868
98449 -93788 -63101
-50705 54778 -4164
28 9 4 15 9 9 10
89604 46870 -2417
64925 63115 -81486
-92546 -71795 16546
28 14 2 12 11 9 8
16390 15107 -58911
-80492 -98379 3627
-62399 48667 9924
28 13 5 10 20 4 4
-15665 -46412 -11305
47195 -90401 43874
78551 -73729 -88480
28 16 2 10 18 8 2
-19430 1098 -28834
-91473 -67364 -65374
-37304 -78603 18264
28 12 2 14 5 15 8
-86605 88995 87953
-54694 -54156 -79169
-18519 6947 -95820
29 5 8 16 7 4 18
78599 -66427 -11123
-79226 59154 52358
34049 -61 61178
29 0 14 15 9 10 10
90734 43598 -59284
-3026 48426 -29035
38568 60408 46071
29 10 1 18 11 7 11
-89194 -48172 -44671
-72810 45484 -14716
92823 61482 18800
29 13 12 4 10 12 7
44910 -86561 -93634
80175 -49173 -77624
-77312 90208 -15743
29 8 6 15 0 16 13
96388 17472 -23858
32686 -88473 -2392
-52193 31981 -34146
29 12 12 5 12 6 11
-28342 -59145 -99650
-62068 -19735 -61585
85456 -4365 -93799
29 10 13 6 16 7 6
74625 -66592 89546
57788 69441 14294
90675 84228 -25644
29 11 11 7 1 18 10
-99511 70878 -27444
-86680 -63323 -60183
4912 -19529 42926
29 11 7 11 2 9 18
-40358 -35984 89012
-25191 -97937 -87616
87152 44119 -1231
29 15 10 4 12 6 11
-15770 55256 69458
-35867 -44414 89641
83117 56589 73076
30 13 14 3 11 12 7
71157 59775 53915
-77728 -21193 -49430
-75780 -26273 10496
30 11 9 10 9 18 3
-9113 47455 -9634
89063 99399 22723
49509 53002 92215
30 12 6 12 14 5 11
-56904 -81555 -10998
20689 -54571 40254
-15382 41637 -20634
30 7 7 16 3 13 14
53828 6261 15975
51630 13503 -21795
-45359 -76181 4124
30 17 6 7 11 12 7
-54253 -72208 -35062
-70782 69980 -71826
9265 67953 -12434
30 9 18 3 16 3 11
-76670 22682 19636
8638 -35877 18616
-89863 -90905 37335
30 11 1 18 7 14 9
-38950 -3115 18662
74909 -53615 -60376
74658 -3585 -79547
30 8 11 11 13 15 2
-62277 18603 -8459
406 -85458 -86524
31302 88019 93051
30 15 13 2 4 11 15
75003 27870 -55425
93154 -14030 -37196
39836 -30363 -89241
30 2 9 19 15 7 8
30632 -36771 -13234
6026 19223 -20898
20774 89186 -71203
30 3 20 7 6 10 14
-3759 -72408 7857
46920 -27932 30710
-49987 53499 47308
31 4 14 13 1 4 26
-1131 -94717 94069
85073 7004 70803
-25655 71379 -18883
31 11 20 0 10 14 7
-1776 47324 -86861
-26364 9641 -54737
-49216 -84785 41081
31 11 18 2 11 14 6
71565 26765 31678
83086 74120 4001
53499 75358 -3813
31 3 15 13 10 7 14
-54163 59713 -67535
-90183 13918 -5206
36790 -80922 83356
31 7 6 18 7 10 14
54734 -1458 -19095
-7156 23868 7301
-88175 -36749 -33308
31 12 11 8 16 1 14
25712 98611 84518
-31094 -82656 -17953
43320 43524 80866
31 27 1 3 1 17 13
-41480 -29754 -17231
-48589 3781 -92253
-52973 -65211 -53472
31 8 3 20 5 20 6
16952 24444 47076
-61745 49404 80625
-81761 58277 -26417
31 12 4 15 17 3 11
-9424 33967 -60333
-79168 -24494 -12667
-83300 -12032 94037
31 8 7 16 5 15 11
21775 63499 -31588
-16744 99603 -61244
51826 32313 97628
32 10 9 13 4 20 8
76210 -23043 -3603
19909 -92477 34453
-10752 -15143 81470
32 15 3 14 15 9 8
58770 67500 73132
45382 -29276 -65767
16017 91198 -74920
32 1 19 12 17 13 2
41320 -53245 43663
-77785 -31975 98599
-96953 60234 -70268
32 18 2 12 14 2 16
8176 92654 -77292
-47257 7682 -90241
19077 -23966 14800
32 14 17 1 11 8 13
49254 -96839 23080
68637 -32708 -9624
-11548 -73530 17340
32 12 5 15 14 6 12
-29369 62476 79773
-81129 79926 62047
-40249 28629 54020
32 11 9 12 1 15 16
-45448 -37911 47309
29739 -32798 76665
-30798 49358 -85610
32 8 21 3 11 11 10
69968 66335 43249
7503 -11722 1555
50780 39590 76410
32 15 5 12 14 4 14
-55799 -28746 48442
71367 -47939 -47649
-27242 63013 36881
32 11 4 17 12 9 11
-29370 98465 63340
-19805 -30214 95327
46432 2327 68773
33 13 19 1 11 16 6
82811 -68098 33634
-66640 64120 -22616
5605 76799 640
33 7 4 22 7 15 11
-5806 24239 -12216
25944 -61032 -50985
19589 1724 49404
33 15 6 12 10 4 19
28604 -32435 46193
8120 55411 92410
81479 -70100 92748
33 4 29 0 13 11 9
-59307 44459 90671
-20111 -42503 80879
15229 -86119 15874
33 7 16 10 1 6 26
-1186 91857 21713
-17308 36898 -65883
-32197 53891 99087
33 12 2 19 10 15 8
-17900 68867 -63331
99921 -98451 60690
-90912 80134 -82925
33 14 5 14 18 11 4
-43038 3663 -31402
-40871 36574 -97896
57167 99156 -67987
33 18 12 3 15 8 10
11838 -15213 -77478
6740 6713 91270
17345 96525 -36224
33 13 11 9 13 13 7
-19812 -11734 77064
84851 -71360 42064
-85558 -38377 -7348
33 0 2 31 3 19 11
-72420 -495 60071
-42591 75884 4853
31414 2071 77975
34 20 10 4 15 14 5
82402 41566 59476
-46385 50237 22458
-8224 83362 24951
34 16 1 17 18 7 9
-14751 18770 -64288
-40441 -2028 -12342
50982 27998 -16255
34 26 5 3 1 29 4
47847 -51663 -44236
52080 90549 -56579
2603 64963 12627
34 20 0 14 3 9 22
39139 77334 -43418
-49352 53306 -10901
-99013 91546 -81639
34 13 3 18 20 1 13
-15506 30873 -75959
-77725 66516 76908
22337 -63612 -17058
34 19 13 2 10 7 17
-76688 32087 1637
73371 -13325 -1847
-98146 1891 -307
34 12 19 3 11 23 0
-30076 -63333 25461
-19543 -97651 -35273
-88290 71220 -1199
34 9 13 12 7 13 14
-57689 -331 59647
-53669 -15691 7784
76219 37489 -53052
34 8 10 16 12 20 2
99013 -94611 24069
67386 57966 -17372
-71507 69441 15005
34 16 14 4 22 9 3
64793 15891 -16697
-21767 -15935 59841
34382 -23620 49753
35 8 2 25 8 8 19
42564 -96554 -8642
-62954 38719 4868
28105 69609 74566
35 7 16 12 8 23 4
-91179 29109 -93370
-34587 -5696 -60426
-51246 76492 77596
35 13 19 3 8 17 10
77976 52239 -61490
27159 -83652 41730
9795 -66498 -93311
35 17 10 8 18 8 9
-12990 28430 32016
-89477 -9747 -54994
69224 -41378 25916
35 11 6 18 15 2 18
86153 44150 20431
45852 50878 81391
-41778 91288 -58403
35 26 4 5 8 13 14
-84578 -86228 60758
-11290 -73116 -36410
-63973 -80355 -66495
35 9 25 1 19 7 9
95095 76305 -39908
-25697 43001 14083
-85499 -4431 23318
35 14 19 2 6 16 13
-24681 -67595 -48426
-34049 31253 -4927
23518 83756 -41868
35 19 2 14 9 10 16
81055 -13642 -67699
-92283 -61939 15472
32268 -37413 -35517
35 17 2 16 10 18 7
-670 -82058 -18356
-67917 -40516 -58193
22660 -26756 -30491
36 18 3 15 8 13 15
-42114 -31576 33544
-59426 69106 -94897
67211 -40462 -66567
36 11 14 11 11 10 15
37617 -88309 73529
-34616 86404 87890
-76366 17976 91096
36 14 1 21 5 1 30
-67686 -96329 93713
-42577 -64820 -92183
-81076 40236 26936
36 13 4 19 18 8 10
-33246 -67642 -8381
70537 81656 -81116
-29476 -54122 90606
36 5 21 10 0 9 27
77909 -65938 59808
67006 4223 10881
-38824 -92713 -96976
36 15 13 8 17 6 13
19105 32903 -76848
-11746 -95274 26183
82330 67764 30495
36 17 16 3 15 7 14
-50226 -18926 -35354
12624 14111 88157
-18185 -6444 -17677
36 11 15 10 2 14 20
70152 -47279 69513
-51539 -18771 -591
-27089 -47784 89089
36 2 17 17 9 16 11
61163 4278 41776
80321 -50906 57907
94483 -93828 52524
36 19 16 1 15 12 9
97123 64217 -33364
96263 1842 42815
98716 -36420 37884
37 15 15 7 7 15 15
68396 25905 -91182
28039 27766 58504
48496 37097 -21117
37 9 9 19 27 5 5
-98247 76141 89818
-66958 -31110 -15123
60691 35912 619
37 10 14 13 15 15 7
55146 -45610 -8963
29312 -92194 -42081
16406 -26351 -43010
37 8 27 2 12 14 11
-6946 87447 -29784
29092 -80722 48741
-58733 67012 15462
37 3 19 15 7 12 18
-96987 -45735 51455
29030 61357 -4377
-74271 -63202 33982
37 23 13 1 21 12 4
-52112 79448 99890
22711 -86557 -39961
-92401 -56947 -36668
37 1 23 13 9 14 14
4972 2452 69222
-41095 -84435 -10130
-11392 29206 -98851
37 28 7 2 9 22 6
58487 -15223 -50557
-2529 88498 40358
-5704 89144 -63916
37 13 1 23 9 11 17
81411 6936 -21785
-89806 47782 -86383
34038 90215 -6406
37 7 12 18 13 3 21
-45699 -14879 -7918
-28798 4276 -42342
-65935 73770 -28399
38 15 14 9 17 7 14
-76163 12884 -54734
-23068 14695 -90909
-42637 -15282 93056
38 23 5 10 18 4 16
-21800 22421 -80368
-91191 478 -91398
-22309 5189 13268
38 9 17 12 3 29 6
65011 -58278 -44339
-52453 -43166 87083
-41593 17498 55266
38 5 18 15 20 10 8
35780 -24988 -22266
-62300 -40282 8689
60207 63022 52693
38 1 32 5 12 25 1
48973 -27512 64614
22317 -74603 92339
-72380 -64144 71586
38 8 23 7 19 0 19
6934 -58989 -33690
83798 -50831 -86202
35411 -80879 16347
38 22 4 12 17 20 1
-46007 -99635 30065
25596 87646 63977
74516 29819 -42360
38 12 10 16 2 16 20
36296 72728 -15567
5074 55170 19811
-5239 -72243 -5185
38 29 2 7 5 24 9
27294 -19483 -69183
-38807 98749 -77443
80927 -40936 11635
38 6 20 12 12 25 1
79329 28772 -7989
-74992 58526 -59837
3349 -67436 -83036
39 39 0 0 17 12 10
-20222 19082 -53284
13639 -38368 -4218
-8161 95209 -21879
39 19 9 11 13 14 12
-32241 -71959 2033
-63539 21725 22614
-33627 15924 -47193
39 5 1 33 16 11 12
60525 -1617 -54700
-22967 57689 27919
-28906 -89889 -15143
39 19 13 7 13 13 13
-97017 -21605 -74852
41932 -40099 -24930
2888 -32072 79298
39 22 12 5 8 13 18
-37587 -20579 -85010
6937 -87191 -70500
51772 4994 37550
39 3 23 13 32 2 5
68300 28359 87647
-87219 -98652 -35305
-13734 22042 42836
39 12 10 17 16 8 15
-81599 -20648 -5677
-57395 53597 20942
18409 82477 17304
39 13 17 9 5 15 19
-95288 -5772 67617
79735 99098 -78777
-95128 47450 90699
39 17 11 11 12 7 20
85109 76067 -50904
-79867 -73443 -27098
64719 37161 -41864
39 12 14 13 7 17 15
47072 84458 -44540
20181 10116 -27346
71972 28679 -62483
40 9 20 11 11 15 14
-2675 40577 -69504
66947 -22962 6421
95544 -51247 83669
40 11 24 5 10 9 21
10723 -79370 71881
52356 66440 18883
45387 -57111 -78875
40 18 6 16 17 12 11
43925 90538 -61160
-47045 74543 63755
67308 -34960 -12474
40 9 11 20 7 29 4
71572 76106 -16941
50151 -95803 55394
805 28824 -63967
40 1 25 14 8 14 18
-6036 45746 39570
-42885 -22366 9040
48658 -82706 -27183
40 5 19 16 16 21 3
-50926 -80331 -59785
-7690 -92228 -49742
16734 67733 -16227
40 9 19 12 14 23 3
-90285 -22471 -15491
-64256 -2068 67373
10321 -13001 -51930
40 25 10 5 16 17 7
-3764 3780 -56602
-56357 -80222 19259
-33176 22586 49404
40 21 7 12 3 10 27
-4224 -7240 19072
14723 55505 -88096
16011 -23469 -8947
40 10 3 27 0 0 40
-85129 -7110 57297
-45808 55254 72880
-64382 44488 68389
40 32 3 5 3 35 2
-72314 40904 -90440
6130 13958 -91709
27525 71368 -9449
41 13 11 17 5 12 24
5072 66271 12257
56646 -66153 63275
-37555 42651 11156
41 13 15 13 21 4 16
-775 -49886 94797
-27446 -89729 -68784
77989 -74513 78349
41 13 14 14 17 16 8
15642 -60577 19600
-50937 -83332 8402
17085 -33278 18999
41 13 21 7 6 31 4
-48391 -42159 9478
-18596 -97560 84511
65767 52791 -79962
41 22 10 9 23 15 3
76527 9838 -33819
34373 -17666 -74008
47201 51918 -6941
41 21 2 18 7 13 21
-83153 -49902 2706
-83390 -92769 -4482
23112 6436 -77998
41 19 10 12 18 12 11
-6050 -11933 56279
39074 25975 89565
-41708 24249 -55983
41 2 10 29 20 18 3
55990 -89900 -58477
85582 71793 -12255
-85709 -44040 -91146
41 4 20 17 16 18 7
-70800 40540 -2293
-33798 94897 14466
-76983 -22221 53917
41 8 8 25 1 17 23
-20816 15913 83125
-94590 8085 30577
-92473 34255 53783
42 16 17 9 14 23 5
45782 99219 32315
45975 -17175 -11792
-31467 33557 -55858
42 13 5 24 23 16 3
14625 -71806 96546
94072 -73121 -34837
-30341 -53833 -33988
42 14 8 20 10 14 18
94196 -80145 25307
-95769 64793 15240
-65758 -57493 -5328
42 10 9 23 7 20 15
37480 55883 74765
-98479 72738 -32975
-92853 -10938 -42562
42 21 12 9 12 24 6
-26619 -66938 -71795
-56277 -94234 3361
11188 -63010 15708
42 6 32 4 13 13 16
-62889 71639 -18749
-32187 66077 -65880
-17667 -61015 -30551
42 26 10 6 12 14 16
-51010 38911 94586
58513 80385 -90554
8801 70490 2769
42 7 18 17 19 10 13
-10603 15439 44928
-19355 -42402 -81417
89943 -5349 -19497
42 6 13 23 14 21 7
29122 8151 -63922
75714 70168 -83185
-80797 -46328 48770
42 22 2 18 18 5 19
34064 -1343 49993
-13811 33767 11913
-19536 18081 27159
43 14 13 16 19 7 17
11905 -66490 85680
-30413 -27986 -84568
33342 2767 58743
43 8 10 25 11 27 5
-40249 94450 57277
-87486 -45625 21820
61127 -22094 12009
43 12 11 20 7 29 7
13475 17821 -8398
81528 40123 70256
56720 -3071 28517
43 21 11 11 14 20 9
-11534 83160 42038
-95880 -54235 34148
29212 -80866 -5281
43 16 17 10 22 9 12
98504 10093 -21248
-61337 -48353 -50266
7994 -94160 21186
43 32 3 8 14 21 8
-22336 3178 -8693
21757 81294 -11028
-51086 -31898 -47351
43 31 2 10 21 14 8
-18316 78898 -93909
-73927 -60243 -65313
73277 19514 -92349
43 6 17 20 23 18 2
23141 62272 -96477
-8240 75769 -72537
7844 -90599 39743
43 21 12 10 21 17 5
-5247 -18050 -11088
-63423 83559 1526
94953 -1720 62708
43 18 20 5 16 8 19
34182 -16507 -80004
1443 -6214 55292
-3020 8001 79031
44 13 12 19 8 20 16
48139 -91261 24350
33533 -24789 64918
91565 83123 20276
44 18 8 18 13 4 27
30246 -47803 17900
-44697 73859 -92905
22796 -58229 243
44 2 23 19 42 0 2
-69600 43848 48172
77572 41410 98490
16541 87406 -4930
44 20 21 3 16 19 9
38822 -78600 -57249
21158 -58302 40367
81970 78725 7032
44 10 20 14 19 16 9
27625 -30443 19426
-32742 22966 90438
57648 -54749 -70067
44 1 30 13 11 16 17
-28375 -71297 -40697
-45499 78001 -78777
-42393 94267 1033
44 13 15 16 16 17 11
-19709 -74335 43919
57082 -67196 -71245
-70801 -8908 16439
44 20 13 11 9 30 5
58605 31131 -76781
35673 -31279 42442
-58428 52159 91926
44 23 9 12 14 15 15
59411 76324 71093
36837 95628 2427
-20065 51900 -51481
44 18 12 14 5 15 24
-45393 -41369 1983
23906 -1813 87736
77953 -49568 -23185
45 19 2 24 20 23 2
-38266 -52685 41013
55001 -35658 28370
-3368 -59840 -56129
45 22 14 9 20 23 2
-80828 -12300 -66165
48182 -59238 52955
49047 82638 68849
45 15 17 13 17 9 19
69971 52220 -75577
45123 -75059 27183
23275 -23845 65458
45 8 17 20 19 4 22
-97969 57367 -4258
-60965 -96447 85744
27578 -75971 -93320
45 5 5 35 11 20 14
72098 13947 -21508
-11128 33494 22502
76118 81405 60026
45 26 16 3 17 13 15
52034 -33352 51024
-72443 19737 -89145
26401 7467 -44495
45 16 9 20 18 8 19
-46174 -11392 -20477
64293 33262 50332
-66031 -79530 90135
45 28 4 13 11 18 16
99137 -22901 -56849
-45789 34638 40895
-31526 -15739 -15542
45 9 19 17 13 14 18
50879 -47092 92728
62692 -93798 9735
75247 -10841 -11962
45 3 7 35 3 24 18
-25053 -74542 -61936
-79399 -83026 12874
-92418 60810 29026
46 18 13 15 13 15 18
-44758 -8848 -96156
-66655 94501 -91076
91329 62927 -3175
46 21 18 7 17 12 17
-86120 55094 -1568
64111 69458 38408
60972 -49112 -54243
46 14 4 28 13 18 15
-26929 -14128 53360
18383 92849 48553
-81482 92472 -51401
46 20 22 4 21 15 10
-68908 59896 -45109
43872 -44785 -73753
-51656 46829 52239
46 9 17 20 4 19 23
3156 -80703 -47858
71495 -47463 78618
-90135 -35813 28336
46 8 21 17 21 10 15
-5659 -74367 -18098
82854 -91366 -79643
-96855 -28922 60217
46 17 20 9 11 25 10
-14972 79717 -42450
-19329 62108 84042
53101 -51178 9288
46 21 14 11 22 5 19
54126 -61607 84576
37778 33534 -52427
27456 11774 -34233
46 23 4 19 24 8 14
-11175 -42329 10293
-46932 -85959 45401
59444 96089 30984
46 30 4 12 33 3 10
29834 19978 94770
-72873 20084 53750
29238 -7270 4772
47 7 19 21 4 36 7
-100000 35209 -87351
-97500 -27001 19815
60647 20154 9818
47 16 9 22 31 6 10
-99541 37187 -54273
-97174 20127 21772
59893 36353 -13598
47 16 15 16 21 11 15
4459 -84014 -59270
-49769 69106 30424
59544 -15891 -47048
47 4 20 23 13 25 9
70975 91252 47284
-72523 94056 73148
47187 13238 50023
47 28 2 17 24 18 5
-97604 -75901 61836
29826 54390 63513
98482 -96988 -59721
47 8 29 10 11 25 11
94096 -90665 9458
-13675 70958 -21689
-41984 26068 -84127
47 30 5 12 18 23 6
18039 -9999 -54266
26418 -68052 -4896
97393 18740 -25797
47 22 6 19 21 6 20
12375 48912 -85518
5018 68852 17086
214 -10800 3668
47 40 1 6 16 31 0
77143 40617 -87063
15547 4496 -26597
-19887 69821 79979
47 19 21 7 28 11 8
-95617 -90700 79493
-18752 -94211 58045
37094 -70829 -72131
48 15 19 14 23 11 14
59999 22314 -59230
-54356 -43973 -1395
-50074 -10507 -12191
48 30 17 1 14 17 17
71278 -22128 -76373
-40383 80417 -19278
-44310 -199 -85570
48 9 6 33 18 12 18
12216 90095 87890
-6611 59581 -10366
-81905 -72624 -68918
48 4 14 30 12 19 17
84926 98356 76720
55028 52667 3932
-40669 54777 -45468
48 2 14 32 27 18 3
35458 -54167 80753
58578 -59498 -70725
48564 -83999 -26329
48 19 10 19 16 21 11
56995 69367 -15803
15615 -84252 26903
69690 23851 48014
48 26 13 9 12 16 20
65922 38209 21039
-21099 68460 9124
-48806 68131 6910
48 6 38 4 9 15 24
-13672 -12999 6747
-18524 89153 -55056
-96317 -70198 1776
48 18 4 26 24 11 13
54151 73094 -30332
80946 44950 34919
24740 62937 28254
48 9 24 15 18 16 14
38782 -56813 41776
28708 -95698 -34836
-58557 -82179 38851
49 4 14 31 36 6 7
16898 62534 -44599
-89978 69301 30575
38317 -21806 -5630
49 20 19 10 3 27 19
17980 99313 -33970
-61170 -92903 21569
-3557 -80823 66367
49 14 12 23 15 19 15
89596 -63389 -41245
219 89162 -83559
-71701 -55967 11674
49 28 17 4 25 24 0
72706 17507 25817
-46754 -5752 71420
22513 -76886 93402
49 29 13 7 19 24 6
92322 62574 -33653
44646 -45716 69172
69422 51093 91405
49 22 10 17 10 23 16
-34362 4656 53246
60914 -58246 -2894
37943 27983 -33248
49 26 9 14 9 10 30
66539 9756 -74691
-72842 -22694 -97673
-15715 -93363 -41283
49 18 20 11 0 27 22
24822 -28775 -13635
-62786 79542 77109
96026 -65489 62691
49 13 12 24 27 3 19
1115 26776 -39732
38703 76932 3063
63953 52851 -5960
49 33 10 6 15 19 15
92831 -72976 -43632
89496 68537 83572
-23611 -21558 27279
50 38 7 5 33 8 9
51940 -6778 -50535
-2598 25252 -74531
-72701 -79159 -37676
50 19 28 3 26 18 6
-91569 -96363 25459
-51261 -945 -51026
85679 18517 36028
50 11 8 31 9 39 2
-32840 -38152 -65994
-45322 -26528 60914
-12581 79260 92753
50 31 5 14 2 24 24
92320 15702 -59671
70246 28019 -7576
-77164 -324 -21656
50 23 18 9 23 17 10
-41903 -7063 19301
-93491 -36323 27527
27189 36801 79882
50 11 0 39 12 19 19
-49809 7786 -98476
69494 84588 -23193
-59946 -84557 86560
50 2 20 28 15 18 17
56093 37071 -52374
45266 86691 95560
-31632 77437 6850
50 12 13 25 21 22 7
57132 33657 -24488
79745 93106 -76253
-61722 39166 -60814
50 18 23 9 21 15 14
85606 -38398 -58619
81641 -26920 20278
-62853 -9384 42824
50 25 5 20 16 17 17
-13473 76779 56267
-67044 76258 -34725
-62796 70536 53163
50 6 2 42 30 14 6
91022 -55153 71638
-56731 42792 -40092
98137 -72525 91554
51 4 27 20 22 22 7
32340 28993 -37911
-32347 -84835 -19241
-87418 -61197 79429
51 9 15 27 20 28 3
33442 57760 5904
89073 29693 1675
-87022 -61110 -6506
51 16 18 17 23 16 12
-18686 56245 773
12361 56532 -61820
-27915 31320 708
51 14 26 11 10 8 33
36480 36225 -87318
-28365 -42323 58261
71159 49073 77346
51 23 2 26 28 1 22
-5598 2804 -4081
-82053 97840 -88734
14403 7503 -96202
51 18 18 15 12 12 27
-28835 -34582 68032
57998 -81187 20617
-53526 34974 -32553
51 13 22 16 24 12 15
3898 -27297 4166
39941 -1961 -62577
-17515 -24228 90126
51 9 23 19 24 14 13
34302 -5613 43645
-22795 68748 -35225
70863 -27881 46512
51 14 19 18 5 36 10
-70743 -57023 4982
13711 -95715 18093
-59524 -62938 -19566
51 17 18 16 29 21 1
-16353 10877 43479
-8884 2129 -1127
-8075 -99946 -23740
52 2 21 29 26 0 26
-22452 74114 -40934
-14098 -27992 -72084
-80279 -52033 22938
52 5 28 19 4 21 27
50692 -45978 -82334
-88392 -53878 1759
-73278 38395 -59609
52 23 28 1 11 24 17
-29207 -83005 -96525
78842 25831 -79409
-36826 -14631 -48688
52 31 6 15 13 18 21
-649 -4521 89581
-83870 -26444 62264
-52900 -26842 -97461
52 24 23 5 20 13 19
15261 57615 98284
17070 -89451 3477
22818 55099 10716
52 11 18 23 18 21 13
72259 -54228 -11620
51588 63201 34873
-76155 15604 -35930
52 30 22 0 22 4 26
89680 -79389 -26897
-24932 -28985 89133
26168 -99414 56975
52 12 26 14 16 2 34
15744 -74082 63258
-2794 -16019 71875
-97863 26630 -93308
52 12 19 21 24 6 22
-63192 3666 -34524
-48508 35362 41068
-32268 78101 -25351
52 15 25 12 7 19 26
58369 17280 -81705
89747 70012 -15415
63952 51366 -38326
53 25 19 9 23 14 16
24264 92666 70807
-79727 42541 -13855
-38220 86132 -9177
53 11 15 27 20 6 27
92927 6106 -82426
30397 -42546 26572
-90246 30239 43779
53 17 24 12 15 7 31
66222 22586 -83892
79514 74113 -35110
-59974 53553 -31201
53 7 40 6 35 12 6
27789 -42670 -61727
-38876 22148 75549
3436 75832 27605
53 6 16 31 3 12 38
55476 -97391 -46918
-9945 -81779 -44254
30834 -84224 -75329
53 26 24 3 45 6 2
46252 -35018 -38932
-33350 13248 -83363
-93314 4507 12696
53 38 0 15 17 10 26
48829 -44819 -41032
-33785 22301 -93007
-3225 -18782 81890
53 17 21 15 16 15 22
-15157 -19268 53420
23559 -40201 -41066
68975 -38491 58281
53 29 5 19 9 15 29
-35254 -84628 -43746
57374 -34403 -74312
-97287 -7190 74569
53 36 11 6 2 30 21
15309 94870 14667
81936 86571 -96277
17966 32210 35449
54 5 29 20 14 13 27
-86328 -27728 -97102
-62787 -48036 -57687
-30100 68335 99274
54 20 5 29 0 27 27
-81613 63600 88801
20047 66298 -23508
45225 90606 53154
54 16 32 6 20 28 6
58765 -42243 -90104
-27226 62361 3776
51743 -13106 25858
54 21 23 10 9 27 18
26505 -70357 51619
-87406 71501 85510
-61473 67471 -97623
54 2 4 48 18 26 10
-17884 -50756 -81496
34135 87482 98832
-38423 -29589 -10846
54 27 27 0 25 10 19
-75801 -29919 -47795
-59247 65611 81101
-23736 -32423 -57349
54 14 18 22 11 36 7
-40587 -73213 85642
22623 57968 -1588
-99616 -86271 -13267
54 18 22 14 17 11 26
17285 25485 42314
-7243 22477 -21408
50176 -76157 -67058
54 11 13 30 26 6 22
-68867 15363 -52136
68256 -3396 43658
-14967 -42792 -18301
54 29 2 23 24 3 27
-12207 89941 -33300
-64001 57099 78008
-28668 -86099 -79139
55 8 9 38 21 16 18
21393 93644 -8110
31650 -28731 -98101
16227 69850 99536
55 25 28 2 26 11 18
-35487 41119 -52221
-67565 -62627 -47259
66497 17596 -62432
55 34 8 13 5 50 0
33441 72035 26292
12109 -77641 -97377
528 -20464 28107
55 27 19 9 23 15 17
-19312 5630 -12624
70220 -7621 -21469
-63820 87098 56246
55 21 31 3 25 5 25
47342 85529 55769
21948 58589 -14324
-66221 -8811 -10215
55 9 28 18 23 22 10
42203 -67955 -58548
-74559 -57070 -97748
11141 87871 -10843
55 22 32 1 28 12 15
25657 -8105 61271
-22994 33759 -51601
25263 74562 -16350
55 24 20 11 29 23 3
-51222 59130 9681
57516 18751 28827
-81601 90386 -69045
55 0 27 28 16 20 19
-14689 -38830 76918
-21429 -78654 -87977
-27847 61817 61739
55 18 2 35 28 21 6
39654 33172 -81592
-61746 -66369 65517
28716 -18072 99547
56 38 6 12 23 10 23
-3902 99842 -10996
-28590 -81216 40988
80938 -26925 -68489
56 23 13 20 23 8 25
6087 -8350 43896
46448 -38611 31608
-31911 -3690 -94947
56 26 7 23 10 43 3
-5700 22187 -20487
-90115 73599 55655
2626 -5046 95612
56 25 8 23 24 18 14
61435 -26671 12787
29213 -85907 22522
-50381 -38286 -86286
56 19 21 16 25 22 9
28444 64806 7448
43897 -46209 16047
-78451 -29811 27817
56 5 18 33 7 31 18
34513 51324 -50632
2609 -2237 -70436
-71526 -96954 62078
56 5 44 7 13 41 2
-36428 -68375 -32096
23958 -68845 3690
-92898 65703 58061
56 8 32 16 8 14 34
-1788 -69864 42445
5841 -50366 85976
86863 53656 54741
56 25 15 16 13 20 23
-48768 23973 54556
16121 87900 86232
89510 -47287 60394
56 20 16 20 9 24 23
51770 77331 -82393
49578 -54697 -18070
29276 28416 -55224
57 31 13 13 14 19 24
86730 25592 21644
9382 4717 98934
88999 92309 -85618
57 14 24 19 5 13 39
64420 -87428 -28060
20589 65506 87564
73718 71882 -34751
57 16 16 25 18 23 16
533 -25444 -3173
-71822 -70762 -23617
-1987 -36729 -37248
57 19 1 37 2 0 55
-76541 -36496 -61825
-7817 -88698 -34086
7814 -3055 34867
57 14 27 16 13 18 26
-40820 -22611 14078
-85264 51987 46478
73799 -51477 -70620
57 7 25 25 21 31 5
22863 92263 67877
19780 -75660 -30713
11175 52254 -44607
57 19 18 20 4 20 33
28035 -19876 -53537
21497 -96545 5759
-64466 39305 27847
57 23 11 23 16 25 16
38272 -39289 -3339
-3487 41563 33681
-84522 4561 -25677
57 27 21 9 3 27 27
-98218 67523 -86929
51135 48754 90974
17720 -73768 37336
57 29 21 7 30 12 15
-67043 72887 54503
4418 95573 -89946
85486 -47274 15949
58 20 21 17 1 0 57
-49100 -32658 61850
22288 -92645 85499
38378 83969 -84095
58 26 20 12 17 4 37
-29293 1802 98395
-86191 -86316 -29042
48067 -45792 -96896
58 19 19 20 21 17 20
51894 1897 29149
51292 -13402 -51511
-84987 93174 -76728
58 8 6 44 29 5 24
43257 -43442 -60978
31310 39139 -25443
-77348 58103 -75109
58 30 16 12 10 27 21
-68040 32679 -31693
88964 -64130 33024
58722 -52707 22303
58 23 25 10 4 28 26
98381 49199 90657
-46006 -98094 -24047
6209 33486 -23355
58 18 10 30 12 20 26
-31230 27259 85092
-3835 53941 99383
-48045 83403 31141
58 0 24 34 17 13 28
73261 58616 46119
18824 85128 25807
87238 83337 -69786
58 21 18 19 27 26 5
-88582 -19691 12289
49119 7165 30929
91335 37775 -67090
58 4 27 27 0 25 33
-43119 -21915 -42279
-24104 -54334 30330
61041 96534 -51833
59 19 5 35 19 17 23
-27648 -69711 68449
-33695 -3070 -96383
-22294 74837 83760
59 25 7 27 38 12 9
82452 30931 46392
754 -35905 62657
-803 84803 28614
59 20 28 11 16 17 26
-95851 39942 73410
-73561 20375 -51155
-47765 -83192 -19039
59 15 12 32 29 25 5
-17791 -24547 -89518
59364 71161 66255
2316 99751 -43712
59 8 4 47 24 23 12
-9137 21829 -5281
-17884 32457 83621
97101 96871 -91227
59 32 15 12 19 28 12
-11968 21121 76295
10104 -42354 -29130
-73628 98087 40344
59 27 29 3 27 22 10
42739 62266 47732
-61165 -74750 15595
-36325 -15746 -72871
59 4 36 19 5 42 12
83007 67581 70480
-52154 -14966 -80203
4230 -548 66791
59 25 18 16 42 14 3
48518 -77005 37573
13048 -12262 43109
-2047 -7195 -92472
59 44 2 13 7 30 22
-55006 -69709 92330
38039 80760 56231
56825 98430 78132
60 11 24 25 30 26 4
35843 -34795 80885
-43482 -97736 2555
-15296 39056 -39590
60 14 24 22 30 25 5
80257 79604 4220
96806 -71145 54934
-17455 -20697 -39726
60 46 9 5 10 15 35
29708 10749 -19565
30543 56255 38650
-46246 79901 24715
60 40 12 8 1 31 28
70487 -18392 -49095
-11541 65758 73988
54257 -81411 -27486
60 53 6 1 2 23 35
56878 75645 -27636
-64473 56751 -76896
-15774 -68836 33062
60 14 24 22 9 7 44
15089 -30228 81963
81833 81529 46064
-74323 13310 -37049
60 36 8 16 19 16 25
15664 49745 -63720
-40430 -33590 -51948
-12368 76410 64222
60 7 11 42 11 37 12
-58825 -96555 -78136
-21988 -27715 -7691
-24277 -47114 -46772
60 25 35 0 10 22 28
-90092 35186 27114
90723 76605 -79846
80731 -99653 -73377
60 3 42 15 21 17 22
-99211 879 20762
-95077 -94005 30984
80417 40203 -91933
60 25 23 12 28 13 19
44848 43062 33028
-47817 92718 -87932
53965 -49356 -43667
61 25 19 17 21 9 31
-15739 -51262 -97558
-45175 -41600 -62944
35378 75702 57635
61 24 13 24 31 11 19
-31965 8712 -26076
6369 -11634 -60226
-12537 -48921 40121
61 24 28 9 3 25 33
68405 -74599 -39645
-27361 -2112 41010
23220 64224 -94084
61 11 42 8 15 24 22
64904 -7789 -96724
32466 39553 12714
-94638 -16922 -35016
61 14 25 22 16 0 45
97289 97604 87004
95052 -19806 54067
68436 75175 48009
61 7 36 18 27 15 19
-32099 37579 97170
-89766 -3648 -55380
51172 -39333 -89988
61 25 13 23 12 24 25
14192 72259 45753
-96870 69519 93701
-80685 -93221 -84676
61 12 46 3 46 8 7
-41357 91014 80613
57434 90058 -85119
99372 4301 -37374
61 15 16 30 18 21 22
87793 -97331 -71793
-83450 -25527 55968
-29042 -57384 87180
61 45 9 7 14 3 44
-76140 34423 -65772
95459 -13629 -94908
27170 30456 13073
62 5 31 26 2 12 48
-84254 -33597 -68479
-4965 71946 -16755
55887 228 15985
62 6 37 19 37 4 21
23453 -8532 -20234
68318 43743 93575
-61761 77367 65844
62 8 37 17 30 24 8
57896 6760 -12404
96935 -65590 27144
34258 51845 -89862
62 22 25 15 36 24 2
-91029 -26975 5697
29519 33861 -81944
26410 -95292 -68657
62 30 6 26 10 24 28
-66016 96155 -33312
26593 -73899 -966
70631 -72967 -92653
62 8 29 25 24 15 23
73626 80501 -1675
25693 -47840 18140
-60380 98225 -12225
62 31 6 25 7 14 41
-5341 -38311 -14172
19087 98041 64665
89723 -62355 -9213
62 18 27 17 39 3 20
-99023 -98378 97225
-61467 -57177 -26857
-50967 89244 43418
62 24 15 23 5 24 33
20069 -30666 -64452
37209 91748 41503
-36117 14577 -10663
62 16 20 26 20 14 28
-9331 90205 97432
2480 -45188 60271
-1129 23260 -50796
63 54 4 5 36 12 15
17612 -62318 -31671
-70239 29588 -92845
-53053 -28033 42496
63 2 21 40 19 2 42
52035 92666 2614
-41143 -39522 63510
36233 50821 82100
63 39 20 4 22 16 25
-76838 41663 89949
-12769 -81403 63903
-9549 34494 -50786
63 24 10 29 31 8 24
-86322 83480 51655
-34001 90583 84304
-11265 49485 10405
63 30 25 8 18 26 19
-82141 -41568 20016
-31779 -47936 -4276
50397 -62207 27048
63 30 3 30 23 18 22
10388 48824 -38214
-56441 89085 79275
24888 13905 -60696
63 17 22 24 19 22 22
-99795 -53282 51962
-2628 -97612 -4216
-83411 -72546 -88805
63 30 26 7 10 37 16
97566 37347 15537
8220 -40838 55831
-54671 60475 12745
63 22 12 29 13 32 18
10887 -75018 46209
-45180 4906 32947
-75743 -32226 -87695
63 28 19 16 27 36 0
34518 23934 -81830
98848 -70169 88991
11850 -76515 -76007
64 16 23 25 5 6 53
-91306 7314 -49650
72561 -4059 -75556
46414 70958 89351
64 30 28 6 14 45 5
-38413 61260 69213
-81279 -16731 45245
44786 79957 -54945
64 14 7 43 12 28 24
35564 88526 -63523
3723 91391 88278
20919 88394 6537
64 5 1 58 12 23 29
-49176 22238 61503
-79725 -72751 -70959
-49942 -92764 4587
64 10 26 28 23 19 22
38894 -84863 -51883
-94664 89712 76155
17787 -79504 36341
64 16 8 40 33 30 1
87717 -53336 -2626
-89697 -13220 -48749
-56540 -23911 19160
64 38 16 10 34 25 5
29734 -63516 21840
73539 62423 -93922
-52839 -56536 85309
64 23 32 9 14 25 25
10106 -55335 88948
90641 -3 -67685
93582 -11427 29544
64 13 29 22 31 9 24
6897 86723 62385
16238 -24548 -59369
-58518 -49243 72483
64 46 8 10 7 12 45
97038 -96734 56734
85948 28045 -24579
-7308 49107 31571
65 27 16 22 3 37 25
-40762 31023 -58294
33055 -37563 -4730
76137 39382 -56550
65 29 33 3 26 6 33
84212 65689 11144
64782 -34139 88264
16059 -3345 -64255
65 22 27 16 27 1 37
98008 51530 83894
-17008 22451 -98375
50117 -34660 -47696
65 27 25 13 12 34 19
-67051 27854 -42850
76376 -14233 -2861
94979 -40249 42175
65 19 15 31 19 25 21
97013 25718 96130
28739 5019 63452
-1401 -28463 74319
65 5 35 25 20 27 18
-61217 70426 51680
2644 60685 5255
20502 -46106 4285
65 19 23 23 4 48 13
5312 59030 -54665
50923 -73130 -6383
19372 43122 79027
65 11 13 41 36 5 24
68310 -87139 -67894
5394 59176 -7594
20234 93846 63330
65 19 16 30 50 7 8
-85397 -3208 -59406
-19297 -2078 -84141
19475 86917 -36143
65 8 14 43 25 21 19
55635 -52469 46007
-97805 8164 -66976
-27946 10682 -97275
66 19 36 11 20 22 24
-66783 33052 11356
75522 -11525 58872
67220 -44343 5143
66 28 30 8 27 18 21
47693 87760 -87395
-72568 11880 -95679
75472 -20625 -21047
66 26 20 20 10 28 28
-18261 16691 -44923
21354 -70179 59199
-61397 40187 -3303
66 39 21 6 27 6 33
-59913 -35057 81564
-46027 55395 55846
14935 65938 -54524
66 19 11 36 3 32 31
-80734 -43493 -76204
-23887 44863 -965
20512 -7926 -88740
66 47 12 7 18 6 42
-80603 -81495 38965
15308 -35236 70250
55291 -99358 -28457
66 25 17 24 7 37 22
8267 83698 37708
-73130 -58976 36701
80812 -44402 -54220
66 1 15 50 6 26 34
-33549 -70062 69835
-5458 -62526 41061
40203 -99918 -68780
66 17 28 21 35 5 26
35928 87611 29938
-5269 -52611 42480
93484 39924 -75094
66 23 18 25 36 23 7
-52156 -36787 -10117
-84130 44658 -70475
-86630 -77093 -1377
67 30 14 23 18 4 45
-69927 -45374 83538
39898 -97411 42511
-51025 -16240 5231
67 22 20 25 31 33 3
-26878 -48969 41117
57037 48953 45596
26181 -12436 34268
67 17 27 23 21 25 21
47111 -1460 -65098
-86008 44723 -38814
-54569 45732 -48360
67 38 7 22 12 43 12
-50577 -23086 63935
6278 54485 18541
-69593 -7858 -14270
67 14 34 19 14 24 29
-13579 81272 66835
-35055 85089 90113
-82605 -47489 93185
67 27 21 19 4 32 31
30380 -68226 28723
78227 -36689 -84011
89476 -84496 82908
67 11 16 40 32 7 28
-65239 -29851 -20099
55722 -6171 49660
-29638 43510 -34730
67 20 34 13 16 26 25
17159 -50824 -63218
-70750 51189 61257
-91270 67959 -73634
67 39 8 20 28 19 20
-79669 -98036 -76812
-22739 57117 26427
56666 23541 67637
67 17 45 5 18 18 31
-40760 -25490 -16070
55705 67740 73065
88652 5299 -93382
68 9 39 20 36 30 2
-11293 -43031 5051
-94806 -32256 -46668
-93021 62718 -23271
68 26 14 28 9 30 29
-57881 85858 29514
-6346 19186 -94163
-98446 -60482 -5676
68 18 26 24 12 38 18
26394 -857 21956
8515 -7660 55792
23164 -36859 -80595
68 33 35 0 31 9 28
-71674 47126 -46122
60343 31096 -86291
63738 77448 52308
68 18 24 26 14 53 1
-97376 28702 -61210
-19248 87637 65948
68197 36177 -53717
68 24 18 26 28 20 20
29522 -96731 -45589
82007 2773 -48727
-81487 -60547 -88022
68 1 32 35 31 14 23
59242 65274 28841
32900 28325 -82782
-83633 23213 -87143
68 7 47 14 2 39 27
51173 -71960 5778
-60825 36813 -99266
87843 24838 82005
68 1 40 27 4 38 26
22527 56127 -60339
12411 72945 7037
75212 -67144 -28421
68 15 32 21 17 13 38
-79119 38312 -4476
86857 5023 -74558
-37196 -86668 10673
69 28 32 9 28 25 16
-53726 71780 -74953
-48872 -77704 18936
27205 49172 76279
69 19 23 27 30 19 20
-18935 -71685 97344
-32600 -53351 52855
40725 9785 35710
69 22 5 42 18 25 26
3856 -27641 44323
-27348 34098 9584
86450 -64443 10757
69 6 14 49 8 33 28
38575 -89392 47334
-80613 61385 -78275
-29198 70287 51475
69 36 20 13 16 46 7
3242 40215 22067
-51222 25444 13686
-27422 -98724 -70878
69 27 19 23 15 28 26
78420 -42875 -38678
67002 58801 -19519
-14414 -49839 25281
69 54 15 0 7 16 46
-379 78341 65430
-35070 -64180 16545
-3521 6211 78068
69 22 18 29 20 18 31
-90988 40814 -84769
-67721 -98201 10099
79216 99824 -9564
69 24 28 17 16 26 27
-59244 91586 -39449
75443 -56144 -67235
92042 -58076 -72000
69 38 29 2 8 22 39
-39326 -66270 -73422
-90016 87602 -1975
84025 -22350 99750
70 35 34 1 21 26 23
-95781 35695 -67767
11117 29957 -22318
87346 -91698 -40231
70 31 23 16 18 19 33
44337 78064 -20627
15168 52535 -54894
-49520 -92505 -62184
70 28 12 30 15 36 19
93718 -28731 19324
6513 44119 -42327
-11887 -87825 -59702
70 12 29 29 34 26 10
-98972 90518 78256
14487 56940 78262
-98043 -29596 33156
70 30 36 4 21 21 28
-3421 -51946 -60794
-41182 -89225 -79630
2538 -5976 83167
70 28 8 34 41 23 6
-77292 86172 -87473
20056 57969 -80424
68312 19658 60847
70 41 10 19 16 28 26
-38039 -98961 -45708
-18627 23905 12502
55185 48076 79018
70 7 49 14 24 22 24
-82616 -91795 -59137
-18382 -32422 91702
6464 -80433 -79686
70 12 35 23 30 20 20
1308 -10766 -79560
63785 64529 -52030
-71223 76928 -20866
70 3 30 37 35 5 30
4871 97903 -36819
-27936 -17590 -99346
54784 -70768 -84293
70 48 0 22 26 24 20
39955 53381 14158
-88716 23364 75145
68524 56413 88082
71 45 12 14 6 30 35
-14776 -19643 -67510
-92872 -82298 -89068
11786 -92874 19225
71 22 16 33 23 38 10
-31414 89858 13449
-6778 44492 -33824
-4944 11843 -89720
71 30 20 21 18 35 18
-37434 -32030 33120
55118 -15820 41456
-18676 8655 -17105
71 27 12 32 30 25 16
23252 -66423 -17871
-76601 14187 -12673
-52304 983 -16159
71 5 22 44 2 37 32
25396 4446 33598
78331 -90785 -35165
44126 26222 36954
71 34 10 27 30 22 19
-93272 26044 73166
-15987 -80859 20072
57562 91990 -89092
71 26 19 26 35 15 21
46380 4453 -15392
16741 81196 -34296
-64302 -76957 -14462
71 16 37 18 21 24 26
45960 57302 72742
-76148 -51402 -96876
-74871 -54612 97433
71 26 8 37 9 48 14
10822 -75604 -80403
38933 68578 91674
-74405 52111 2755
71 24 30 17 28 34 9
56127 -97302 17427
-76252 86611 80541
-7918 71627 -92890
72 30 26 16 12 18 42
-13188 -93271 -2622
-9211 14675 45325
-88333 -28375 -82281
72 34 13 25 52 8 12
45329 -7209 12161
6722 74815 44722
84178 63654 -25161
72 17 14 41 16 34 22
-52033 -36274 15134
49675 61119 -40014
7036 14033 -52248
72 36 21 15 28 13 31
17956 -9409 -94267
-97587 6481 21496
-34164 -83272 51593
72 31 15 26 4 9 59
-89168 -79956 -85639
51548 -98234 60951
-15277 52466 -11139
72 12 34 26 32 33 7
12978 51272 33063
-67412 -54089 -21899
85297 -97249 -77931
72 9 33 30 9 35 28
-32786 48642 7818
-80239 5733 -80082
64480 24412 -8131
72 61 6 5 29 38 5
87153 -9438 17655
38732 -3877 15557
99908 78809 19035
72 15 25 32 2 48 22
-14304 41983 -24660
97592 -97924 64635
32179 -95688 52094
72 12 46 14 22 29 21
-39441 60824 95517
-47318 92993 55917
28147 9264 58376
73 21 25 27 40 14 19
53120 -26998 57561
-65972 -45466 19718
-98060 -16767 -57474
73 19 30 24 48 11 14
38165 51814 10415
-88042 34648 37285
37757 -65303 -35346
73 15 18 40 34 26 13
97769 63700 45191
99206 -63073 -98324
-89306 -86430 60749
73 13 14 46 15 16 42
-5978 -17453 37221
-11423 56122 -468
-31466 -57689 -75259
73 15 28 30 27 36 10
-77361 19174 -74316
-74472 98467 6698
74235 -27841 5688
73 37 10 26 26 25 22
98559 -10389 12548
91044 -72464 -66679
-14003 60425 44743
73 26 35 12 38 17 18
20357 24326 -89407
71600 7511 38794
16585 38212 -33975
73 22 17 34 5 11 57
6698 74424 -25564
-14687 31870 -71646
70691 -85930 -25879
73 31 23 19 49 5 19
-31580 -17038 -29478
-88512 83986 -37873
-64543 -50645 -62277
73 58 2 13 26 9 38
44952 16060 37267
25172 85041 20482
-64537 38836 -2711
74 28 27 19 36 8 30
-8579 -8091 975
84509 46484 33217
-10138 49148 58897
74 62 4 8 13 28 33
62702 -34248 -30548
-29678 -80667 46724
30413 -28526 -49934
74 47 25 2 22 30 22
73509 57344 36753
94457 31329 -11586
9050 32547 37636
74 28 18 28 19 19 36
11852 -35297 -11522
-75572 -73430 -94276
40147 1006 -92721
74 8 37 29 74 0 0
80679 31204 -68330
41630 -66654 52181
-67520 66127 16077
74 20 38 16 0 36 38
82219 -29157 -2998
73719 1390 33028
45065 59043 -6451
74 29 43 2 18 16 40
53935 65833 -59849
-95399 80748 -87943
-68420 -24915 72852
74 44 19 11 2 39 33
-22162 -29186 -38391
-70448 17790 4845
-37203 -4739 -45268
74 36 18 20 41 31 2
-52993 85327 10025
-12681 -20585 40446
55634 36028 64577
74 19 14 41 35 9 30
-9847 -78307 -29804
-44878 -9080 -62890
6295 -65065 4880
75 45 25 5 47 23 5
71382 50968 60247
-19104 3212 61382
-69394 -73388 -99437
75 7 4 64 3 16 56
-85383 17794 45303
74335 45219 -15107
956 53222 25214
75 4 58 13 22 38 15
-2821 -75112 -65681
90088 -13964 -87170
-74780 39404 -5490
75 10 37 28 19 32 24
-96703 12082 62501
70914 9973 -32250
99592 -8310 9009
75 48 20 7 31 19 25
-88750 -96663 -51208
33834 29251 -66012
-18028 54269 52934
75 40 6 29 12 27 36
-87289 79437 -47641
-26768 23986 20554
98967 -26001 -25989
75 9 17 49 1 36 38
-85801 11192 46524
28508 -75199 28582
51952 44221 57575
75 33 9 33 17 40 18
16553 82089 -6162
-98746 -97714 -39323
-50756 -84102 2899
75 49 9 17 28 11 36
-15753 -47454 -85754
71787 -37035 -60268
-98111 -5740 -61651
75 5 12 58 22 15 38
-12935 -55187 -49544
-31308 46793 -6224
34435 -61938 -21257
76 24 24 28 18 23 35
-38853 -30953 -84706
45300 -2521 25604
31720 -30126 87231
76 46 6 24 19 32 25
77857 -402 -27560
32298 -56096 7303
54660 98992 -29803
76 34 11 31 25 26 25
71119 42705 77696
27977 69044 42524
-25385 -79059 -67148
76 39 12 25 36 39 1
-76189 -98098 -8314
54994 55485 -16338
15460 66494 58323
76 24 17 35 15 38 23
-19464 -77016 65255
99533 43163 -81875
-41284 52598 23605
76 8 55 13 13 29 34
-121 60179 39558
-13087 -94629 -4265
-16397 -69235 -77264
76 13 23 40 23 29 24
43760 -7642 -35816
35999 -95069 -80850
64003 67295 43372
76 35 37 4 18 10 48
-22981 -59309 16564
-69255 -82506 71478
-98485 -96656 49903
76 29 42 5 23 31 22
-72233 -42630 29095
29426 -57505 -80795
39310 -6132 -60618
76 34 13 29 6 36 34
43282 -22241 -56457
46238 -3702 -49972
-60344 955 79510
77 31 16 30 41 34 2
22224 -59162 70361
91750 -81400 -70256
14785 -45410 -88976
77 35 9 33 30 22 25
51451 62002 -25851
-83350 -10215 88666
84762 -19875 57991
77 25 24 28 29 15 33
70336 41459 18960
91179 -37265 -21674
-26566 76325 -56473
77 18 43 16 46 6 25
90237 34375 -39978
-5102 85448 63875
22110 -68422 89023
77 25 8 44 24 13 40
-4368 20460 -40717
-59181 -75206 73162
-36933 -613 -56305
77 22 54 1 20 32 25
64440 74852 884
-94287 -20134 6231
89288 22731 -57847
77 32 30 15 33 7 37
19246 73272 -21075
59569 7212 71218
63105 -46311 81478
77 28 22 27 31 17 29
28421 12903 62012
50891 94223 19068
-35142 78824 27975
77 32 21 24 37 31 9
49136 -37728 28450
-97117 -71520 -50472
59744 93781 -63550
77 24 29 24 10 66 1
78725 34333 -21517
61546 -66085 59409
-94672 95179 69837
78 65 5 8 40 6 32
-79479 35813 -41649
-70896 -64118 8567
-54701 5341 15476
78 25 21 32 19 24 35
-64867 59252 -72942
-70824 24305 -39786
-63277 48191 -20940
78 33 15 30 47 16 15
-51585 -21762 24635
37265 -76768 -70936
-33506 -38831 92390
78 23 29 26 46 0 32
-17786 -76532 73194
71950 -11648 24062
69254 32918 -40608
78 27 21 30 22 19 37
65200 -24581 81172
81046 -50764 45674
-51006 36597 -13723
78 9 65 4 32 17 29
25032 96609 51098
71137 -34720 23743
-1930 -81373 19268
78 12 29 37 33 13 32
21103 40718 -89218
-46211 18215 37161
14193 63432 -54975
78 36 14 28 32 40 6
34314 6115 5900
68183 63918 30166
-3054 94445 18033
78 30 47 1 29 31 18
-53104 98955 32428
78749 -81567 11519
-5688 -35201 -26125
78 25 6 47 42 34 2
-95084 -90597 -20996
-31822 98112 -41002
36702 54583 1921
79 23 28 28 15 20 44
-58776 85735 10479
67390 -94941 -16082
-47354 -57557 -65948
79 40 15 24 42 4 33
9326 50041 -86790
-91567 -61 -69511
20708 82842 11404
79 31 28 20 42 4 33
-82632 -50288 16511
-29449 -50405 -6061
-91325 81432 -18353
79 28 41 10 34 21 24
34399 -1324 39026
-40396 28895 -42618
79055 -55024 51873
79 22 10 47 4 21 54
45603 -58635 -82693
-57142 -32837 -58077
-721 -11091 -33489
79 38 9 32 14 60 5
72259 94300 -14
80385 -52817 -84908
91752 60514 83466
79 14 33 32 14 41 24
15939 -82341 -62814
80309 92551 -33477
66406 -34818 -80086
79 55 9 15 35 28 16
-69632 -24396 39680
-598 47813 64262
-27151 -53201 17113
79 18 10 51 2 24 53
-24557 -16954 72000
36248 29775 2121
7752 -31805 30792
79 70 8 1 29 22 28
-16831 9233 62834
98055 -58602 91623
20112 -63227 -62318
80 34 27 19 25 28 27
43195 -43645 56641
-92618 11870 -30834
75579 21284 -26756
80 34 23 23 31 28 21
40646 -60506 32902
-29257 47757 -57224
26557 78885 -49800
80 31 36 13 9 48 23
85678 -23484 -16026
-77899 -78290 -40220
85984 30083 21167
80 43 35 2 2 31 47
96321 72651 -14299
-36048 4950 75704
-38470 -22766 -42975
80 15 40 25 25 23 32
-58951 76553 77070
-20544 87917 15557
21135 -56988 56321
80 8 45 27 8 20 52
44736 -58399 78673
99335 35239 -73441
30796 -7029 26316
80 18 25 37 7 16 57
-80800 -6703 -77156
-11591 -82858 -41261
40876 30693 -60564
80 25 53 2 34 35 11
38348 -29916 -95886
8070 52868 -6313
15405 69444 81928
80 12 18 50 25 21 34
-93982 -97080 34479
74747 -82069 -17743
-79963 9562 -15047
80 27 28 25 1 48 31
67699 -75135 -61162
-80798 63583 -90742
12764 26407 -31106
80 26 20 34 30 28 22
-9244 -52565 22689
-74419 59143 376
19674 -21400 -77855
81 25 30 26 27 36 18
-3658 22069 62133
-21779 -75867 -86767
-87307 -98578 -55389
81 34 31 16 44 8 29
99157 -96559 88088
-20269 30786 -13473
86955 67907 -14697
81 31 28 22 43 22 16
78314 -16839 -14977
26691 -66459 -4291
-74953 -46672 94990
81 16 26 39 31 19 31
53548 5028 -7154
56980 21691 -93374
68816 63612 86912
81 15 28 38 14 49 18
-31485 80939 -59176
-71477 41360 65151
-9637 -27644 -84992
81 24 37 20 32 7 42
-64417 -50627 91982
-21635 10071 -73357
84349 -56308 -45695
81 12 15 54 30 21 30
73450 46004 -54827
-44580 65654 52644
44997 30875 90404
81 5 22 54 38 3 40
64840 -46615 40528
92016 99414 -21921
-25963 -44430 -81666
81 0 0 81 12 49 20
16047 16567 -21547
73714 -98403 -39858
-67736 -69918 -35447
81 24 21 36 34 21 26
67038 -83902 49689
97123 5356 69762
-79188 69284 47733
82 30 46 6 32 48 2
32934 84437 83359
31331 -51751 92059
-63633 -61768 15906
82 33 39 10 16 12 54
43680 31461 42326
-28076 -13543 18165
77055 4305 95340
82 30 41 11 58 5 19
72890 -31390 49893
44349 73162 -83071
-44556 -11887 -21398
82 37 33 12 12 44 26
-38907 -37531 55008
-77744 -6107 10400
-97770 -20823 -12885
82 65 4 13 22 51 9
-93929 -13640 -83067
-41702 -51385 -55839
50832 -46767 -18883
82 3 47 32 43 14 25
52909 68677 -61157
-14563 84499 -5949
42672 -29209 63381
82 22 27 33 0 5 77
-6275 -15273 -84976
55816 32474 13291
-24169 -17401 -11270
82 42 24 16 39 4 39
72604 -81839 -64393
-9071 46762 -39455
92054 -43732 35967
82 14 15 53 48 25 9
-61274 37981 71207
75512 81763 -73782
-23921 68471 -72897
82 34 33 15 42 0 40
88176 61255 85822
-68564 -10827 26931
-11188 8374 -20817
83 49 6 28 33 14 36
69627 -98675 -58353
947 58411 69368
74824 -92060 -90464
83 9 61 13 14 66 3
-12785 89522 -87866
-65593 91052 43789
-20271 -6400 65875
83 41 17 25 10 46 27
52038 -18064 46129
9209 55915 -41506
27717 61216 78369
83 36 14 33 33 19 31
-42881 -36869 -16240
-29593 -3406 -24074
-70016 -34006 96185
83 29 19 35 22 26 35
-50580 39276 -13537
-77543 -40537 -75278
-13855 -65734 -26810
83 29 15 39 17 19 47
-46012 -10798 34907
-43978 -58819 -56823
-7200 -23964 -92052
83 39 20 24 18 31 34
96473 77240 -75550
77383 -55205 88388
-17900 16381 47719
83 12 38 33 29 26 28
7496 7303 88213
95386 95448 -98064
-74311 -90624 29716
83 11 52 20 18 42 23
67558 48288 93350
-49489 -87476 -35308
95170 1947 35316
83 35 13 35 33 29 21
23949 -25908 2910
-34725 58151 -59785
-84858 77952 -83339
84 58 6 20 40 39 5
-57234 94567 57260
78501 97608 -59752
90730 18738 11955
84 4 61 19 14 15 55
-21187 98223 79650
-54467 -54129 -80116
-66497 30412 45377
84 33 32 19 38 7 39
-7000 69840 52321
-51791 7266 -77473
-66791 50196 65536
84 41 15 28 6 36 42
59091 -17124 -76401
70834 9651 -29206
4125 -75521 -52635
84 20 39 25 19 28 37
14685 -46205 -27504
-86768 95867 34334
-75037 35295 65859
84 21 26 37 26 47 11
38280 55754 -68170
-76324 42187 39372
-24487 90107 3163
84 28 33 23 23 14 47
72829 -73655 20498
33823 97014 -20570
-49069 6097 -84914
84 19 33 32 12 49 23
-9747 39617 26632
-17695 41777 -43627
-87090 -71234 25819
84 28 38 18 25 34 25
-91761 68299 -90506
-39765 -8313 53229
99210 -2616 -73490
84 23 42 19 32 16 36
-90736 -64614 67965
8590 14295 71490
36103 23478 88949
85 34 24 27 9 10 66
-74681 -63193 -89861
55707 46566 30349
-93804 -61533 -24266
85 35 17 33 12 39 34
-56456 -95163 24444
3483 62376 -65022
84381 -1823 -88856
85 36 33 16 39 33 13
37608 -71583 53294
-90571 -33299 -55239
-27237 -28734 -41484
85 35 15 35 20 50 15
64424 23887 84981
-22759 -3094 63400
-74698 55375 -13998
85 25 39 21 19 23 43
40273 46455 -15610
-33908 90288 -86845
9042 -43262 -45946
85 33 34 18 37 29 19
-48788 5087 -26538
45687 9640 -89523
67304 -51890 3607
85 23 47 15 31 13 41
51893 42654 -48126
-78363 14144 -86138
-77939 46277 -17074
85 10 61 14 27 50 8
-24881 -40056 8556
23133 41798 14139
-24767 98798 -897
85 5 10 70 43 38 4
-97047 7734 390
31983 -54109 -54338
4293 92168 -59363
85 28 28 29 22 27 36
16824 83371 -37819
28741 -95562 35513
89991 -78195 -72895
86 14 35 37 13 15 58
70370 24582 -89726
45047 76514 80462
-99788 -4729 -90699
86 35 11 40 82 3 1
12656 -94265 18723
-15998 58402 56604
-62270 48486 -92403
86 40 43 3 28 36 22
69977 42 -7000
-34256 31193 96719
-94180 -20451 75398
86 56 5 25 40 46 0
73085 -86923 50431
-69939 -24634 -47312
-11529 60445 86893
86 32 16 38 29 43 14
25928 -30807 71222
-13244 -75038 50371
-14857 75294 85798
86 35 27 24 40 39 7
-40836 42498 62640
19054 -8433 51552
33493 -74402 21420
86 32 22 32 39 17 30
54642 -95859 -78337
-56072 -88144 -21129
83394 81107 7390
86 51 18 17 34 13 39
-33679 1843 -35966
76364 -9261 90666
91339 -35337 -59020
86 56 11 19 32 53 1
28618 -74191 33423
60770 -82804 -52459
-53304 -56378 4642
86 28 28 30 18 28 40
-23799 54252 55022
44499 79872 -73480
2383 -85999 -38259
87 19 27 41 73 11 3
-27602 71554 76289
13511 4673 5301
-11147 -69247 -51617
87 24 39 24 28 0 59
57853 -88772 -67393
42626 -70444 36260
47838 -16450 33243
87 43 21 23 34 39 14
15836 33533 81299
-65367 -89162 -71043
-63573 -23533 49107
87 41 12 34 31 34 22
-72453 62862 68408
-31992 79418 -9107
-79506 -64575 48212
87 42 28 17 28 34 25
-54648 -50734 -58551
33728 -92843 -55710
-22308 -34579 89164
87 20 1 66 13 42 32
48541 86944 -64279
-85799 -62153 -77560
88328 31509 19312
87 16 31 40 22 34 31
64471 -30535 -29994
30222 -94091 3275
-30981 72793 57671
87 7 45 35 30 14 43
78466 -28277 -87392
33637 -4328 87968
-64971 39716 -75178
87 34 26 27 18 35 34
84942 30185 -51481
-55877 35680 -88403
-96044 -15748 64426
87 33 27 27 38 14 35
-34465 98954 -9638
-3145 -79077 63569
29506 -24167 -82234
88 11 36 41 20 36 32
81008 -48576 45069
50113 -44483 79517
95692 50299 23508
88 36 12 40 0 6 82
-98065 -13698 13276
61052 -53010 -89858
69910 10472 96012
88 33 37 18 33 30 25
37545 8810 -70405
50287 -35378 -98285
46140 -23273 -88511
88 7 17 64 33 22 33
27990 24056 46886
-53194 58018 -34231
50027 7674 83649
88 22 13 53 40 42 6
-27678 56525 60478
-11436 54981 1178
-63966 33570 31606
88 60 16 12 21 33 34
75075 -99760 -7232
-82783 -19290 -85274
-88262 71977 -82565
88 27 32 29 27 44 17
-60730 -60842 62567
37276 62755 44105
-10844 -38025 -44810
88 37 20 31 31 32 25
19479 -78178 94518
89530 99027 -31531
-16894 -18505 69063
88 3 35 50 4 70 14
-31767 1313 45222
32968 -34034 -90763
-19395 -43500 -90791
88 42 29 17 62 18 8
-28990 -37585 6393
-82094 -76337 95150
-84911 -44896 -78186
89 1 84 4 12 2 75
80021 -35731 -95405
38458 84816 -11668
-72473 29702 64660
89 34 36 19 41 12 36
-28736 41466 -36306
-18757 6282 -69558
46059 -14922 -82684
89 23 45 21 28 33 28
-35116 -40146 -92226
83182 -29415 54456
31321 93025 -5897
89 35 24 30 43 34 12
86344 -78946 4660
67380 74997 -70424
89341 -52578 88173
89 39 21 29 6 61 22
-54376 9416 3807
74446 64785 -79954
-99982 -41656 29202
89 37 35 17 56 24 9
20883 23065 -25322
-62215 -1121 16443
-67402 14807 24575
89 28 31 30 38 21 30
-48625 -65322 29873
32648 69843 75790
14845 75187 7907
89 41 23 25 44 43 2
-41868 -91359 -80193
28916 -83699 -1702
-32495 -98523 62715
89 4 44 41 13 28 48
43817 89876 -60879
-2147 -78859 79262
80985 88611 -82237
89 8 61 20 31 22 36
21890 -44592 76892
9068 -66267 -52109
27370 66885 -14204
90 43 41 6 17 36 37
63026 70737 34465
-38948 -91182 -52907
-1785 36468 -31128
90 10 39 41 8 38 44
-81855 34906 89589
6187 89349 72331
-85029 91583 -41929
90 47 13 30 3 25 62
70406 -13538 -45795
41514 -59716 -47302
-19505 -46317 -25125
90 39 27 24 32 29 29
-63703 -37560 11193
-2547 -59706 -60622
-28451 -76419 98237
90 32 24 34 23 60 7
41463 1906 -20568
32659 4572 9159
73876 63093 -47695
90 50 11 29 54 34 2
-92570 -49626 56901
-87510 -94153 -54158
7367 -69460 -2858
90 37 29 24 23 31 36
34502 -86575 -41151
67392 33242 -32126
-38572 -87167 -20105
90 17 38 35 36 28 26
40885 10789 -68194
97618 -99019 50071
64791 -54193 20549
90 38 25 27 11 14 65
-95280 -79416 -83923
-95633 10745 62497
-41620 -7067 -4810
90 14 60 16 50 20 20
39249 -18442 66090
-20473 14407 -16173
-90873 -59075 -22752
90 41 31 18 44 11 35
-82795 -38034 -49345
-31267 98656 -88275
44890 -65614 75274
91 33 25 33 28 16 47
-54794 -46506 -50013
-50487 7022 85769
-79614 -94419 32672
91 26 28 37 9 65 17
48918 38912 -45541
32044 4481 34843
-85455 -81531 -83964
91 42 45 4 13 72 6
82077 75911 86735
-69632 -81714 -85036
-99365 41680 3686
91 43 22 26 19 33 39
-60484 -8751 75919
59202 -10820 -96948
31017 -55902 -82452
91 54 14 23 22 44 25
11317 10606 35898
-74021 42508 10899
56270 5607 17376
91 48 23 20 0 38 53
-71386 28816 50692
64854 10326 14183
-49496 71769 54355
91 30 41 20 30 25 36
-2943 66358 52508
-7348 80142 80821
45233 74527 -84702
91 34 31 26 38 11 42
49054 -52821 -48569
-12166 -66145 83517
-62292 -8320 20674
91 9 43 39 28 34 29
14490 58071 -29121
-17948 5517 -70027
13285 49252 38906
91 38 48 5 36 33 22
-51331 89793 24013
-15070 -17825 77155
28217 -71176 -82774
92 37 22 33 33 51 8
42854 -60592 99722
-12222 89489 31417
18021 -22766 -83995
92 1 42 49 25 23 44
92293 44464 -1995
62542 87559 -28294
-9041 90460 -19749
92 15 36 41 30 6 56
27459 12856 32119
-15863 42653 50574
-74910 98076 -28566
92 35 3 54 49 4 39
-86966 85590 62523
-57165 71482 86702
-14673 -85519 30355
92 44 47 1 27 14 51
22537 89606 91779
-60651 -2354 -17303
96985 -69958 -38602
92 16 9 67 28 29 35
-24483 -10103 -43575
-43535 -10466 31930
-41791 -23084 -11741
92 21 36 35 43 16 33
-99304 -17085 -80511
22013 4739 38640
21571 -21584 -49408
92 13 37 42 12 27 53
79046 -60232 -21451
6565 -61467 26649
-9201 28766 -95922
92 28 48 16 26 33 33
-86884 20903 -10675
47722 72463 -41002
-5519 72864 -78840
92 66 8 18 34 1 57
-4763 -29275 -864
-95794 6071 83569
-97095 -68053 88708
93 33 28 32 22 51 20
9340 -92089 -80723
-62307 -48711 -70164
-9121 -95333 82948
93 69 21 3 44 23 26
-54908 -18618 -94135
-33762 67561 -56331
41728 -81412 63945
93 46 22 25 24 26 43
-87300 73910 68803
762 -19984 -75346
34951 2567 -74593
93 20 39 34 39 17 37
29530 26561 -94632
-10348 -7276 47794
-55943 6227 -82896
93 5 60 28 9 76 8
-11927 -84059 10306
89019 -53250 9114
-67280 -39177 20953
93 44 1 48 68 16 9
23494 83982 6668
-17530 4801 -23634
-3707 62217 91127
93 25 28 40 6 6 81
72363 16399 -86463
25999 -47970 -42732
-66202 -69357 62228
93 10 60 23 41 36 16
-65618 -60400 66732
-25372 -85340 -20588
-56030 -53880 87071
93 40 9 44 32 24 37
27848 32247 -28420
-19640 -15512 39270
-96569 3707 88420
93 45 6 42 36 39 18
-13551 -91902 -91983
12382 -13338 46314
-92522 -73008 -48295
94 57 10 27 34 4 56
15109 56488 69346
-43567 35770 9846
-11891 -13653 21212
94 37 37 20 3 27 64
-77677 -87131 56060
-47362 62789 -24255
62201 -66523 99999
94 33 25 36 8 64 22
4314 26833 4680
81059 -76096 -37866
54782 -49917 20984
94 32 40 22 41 21 32
87111 -39155 90701
-76569 50233 41386
26558 -98229 14139
94 65 19 10 33 18 43
46999 21230 56919
7215 -50181 99280
85853 95926 15241
94 14 62 18 67 12 15
76784 -47124 -53023
84648 58888 14461
-75650 31526 -12444
94 29 22 43 37 25 32
-23766 -59913 -38073
29499 3535 -36460
36269 -68604 32225
94 3 31 60 2 77 15
51359 8180 2861
28715 -39184 25032
-94287 31673 97965
94 29 52 13 14 23 57
98922 -39906 50094
-77406 15640 16010
41402 41311 -82391
94 31 29 34 38 17 39
-54314 -82131 -14776
37276 -56068 -34856
67176 -35361 -51468
95 3 2 90 3 37 55
-95727 81741 -23553
-18325 -20060 -51374
16970 -67304 30386
95 6 50 39 4 44 47
-98875 59111 -60852
-63928 -12292 55096
29132 -63817 -70750
95 19 50 26 18 48 29
-7056 -94175 85341
-436 -78719 13127
-38992 52943 -76070
95 47 45 3 52 24 19
79181 -39857 21099
79203 -49827 -89089
66784 -26197 97044
95 46 14 35 62 19 14
49566 853 99618
64639 -40932 3002
-15532 -16462 -46858
95 2 16 77 72 5 18
34373 -94472 -23745
10858 52291 88435
63170 39263 96373
95 34 22 39 18 39 38
60044 49706 44074
-61302 50908 73370
-83518 48308 -60449
95 32 20 43 51 18 26
95485 -11764 -79147
-77183 -80 -37311
49979 32253 -55337
95 22 41 32 29 34 32
-58048 9893 12454
-24864 99498 -82155
35478 -77709 -65111
95 54 6 35 0 53 42
-79198 -52337 -39489
76659 71163 -11681
-39941 92822 4723
96 36 20 40 31 31 34
15874 -98752 55365
-42050 -44063 -60216
-68391 47971 47317
96 56 37 3 16 48 32
36993 52491 84362
-88939 -4287 -17223
-24623 -78065 87258
96 42 31 23 21 17 58
-27488 -28569 11713
97044 33339 -19851
71783 -50974 5909
96 14 50 32 18 53 25
-95975 -74010 53341
-52009 75474 -87743
-55036 76518 -15526
96 40 20 36 70 16 10
-67267 35416 95423
-79916 25152 92961
-46255 -66156 32590
96 47 36 13 12 39 45
47190 -46565 -89207
-82550 -79321 77769
-49427 46910 -36442
96 55 30 11 29 33 34
-24677 57499 -99606
-37052 33572 14124
82645 93677 45753
96 10 38 48 50 20 26
59408 -96273 -12848
21846 37838 52916
-92943 -60798 -98055
96 38 14 44 15 56 25
-48081 14562 -10055
-64808 95020 -84796
25750 11470 -1436
96 32 40 24 81 7 8
-68959 31137 -45811
55444 -22913 73824
-68143 35916 -98958
97 48 46 3 32 33 32
-96637 70059 69380
72828 473 26008
-15345 51258 40658
97 17 50 30 13 34 50
-49223 46706 36260
-46143 79548 -85999
56523 -76428 4184
97 21 44 32 8 19 70
23060 75353 2897
51598 -82973 63574
-13659 72016 -90744
97 37 55 5 47 9 41
63852 -67682 -54433
-22444 13563 91287
-89225 -20293 9775
97 29 21 47 45 35 17
90739 94066 36295
-14096 -14623 -54616
11797 -49249 63050
97 12 38 47 18 64 15
11357 -90028 14868
-60181 94129 9179
4797 -56995 -64371
97 13 14 70 45 44 8
-29051 -67489 -86013
-87795 99189 -12821
-43025 -1791 89843
97 61 28 8 45 14 38
56445 -343 -32028
-5124 -24701 -15510
53023 68549 -96927
97 33 51 13 33 9 55
25406 -4658 71208
34413 -49144 -46400
-91806 66131 -22616
97 45 31 21 26 36 35
-19746 -45482 -70262
-36737 29417 21647
30787 -32949 55456
98 46 42 10 36 26 36
98519 -59861 6488
63468 -72963 79465
76861 19562 -48803
98 54 26 18 44 25 29
-28555 -73968 63660
-94096 64655 49262
-46178 -95696 97192
98 13 47 38 29 35 34
93206 73412 -33166
-24213 24540 31208
-25572 -8898 19960
98 24 53 21 56 11 31
40328 -91066 -37350
79440 -96002 97694
-47579 97998 51575
98 21 32 45 26 27 45
-98839 69559 -7940
6534 -64980 51594
-72008 -55155 54833
98 42 17 39 23 36 39
11997 51407 -75265
15785 76063 66399
8961 46261 -51093
98 52 14 32 16 57 25
79857 -3886 -8287
36161 21221 48591
-48734 54179 -28315
98 4 44 50 22 42 34
71375 78849 67551
87410 21718 -31091
77565 43354 -470
98 34 36 28 34 3 61
46820 -16990 -18899
74201 31363 -93440
-39523 78056 60298
98 67 28 3 70 21 7
93967 78788 35733
70890 77641 -23756
-59194 -65148 -65020
99 40 55 4 11 44 44
56833 89131 94970
-16033 50226 17564
3285 49360 -35265
99 3 35 61 36 31 32
-64774 77026 -17117
-59377 2236 -46436
29530 -21875 90021
99 58 10 31 39 24 36
96117 76560 -706
33995 90196 -50854
-46537 -53058 -36873
99 37 35 27 51 14 34
-1728 -84398 23888
96175 -50783 -60756
-24225 16100 9037
99 36 34 29 19 18 62
80183 -54127 24012
-95985 5953 14708
-53525 59062 210
99 1 49 49 29 44 26
-72945 -75566 -22637
56285 89616 -26179
-92230 -50906 -92518
99 45 37 17 47 44 8
-73818 44430 42233
95632 -42698 -40509
-41623 -65721 -86893
99 16 20 63 12 63 24
-58117 14939 -54439
-11189 -71807 -87405
32752 -45386 65897
99 16 20 63 34 33 32
-26594 -40856 26052
-45967 -59161 -1653
-99322 36517 56978
99 33 20 46 8 23 68
-63437 16119 -85616
-54739 11663 22467
-45636 -62421 99290
100 31 35 34 34 34 32
39563 -54591 17293
-18070 -49173 -86698
75367 -66587 33447
