2504333.270781
1355969.808097
2569394.119407
1005363.135556
605600.080106
639689.610771
953742.600216
370643.564592
1754317.250835
486725.690763
602762.992972
1849660.726717
1667104.536704
1626817.739595
2073278.413277
1334669.116229
1730132.075627
1620786.028785
1646105.423594
1882067.851205
1747021.732218
1678009.138004
1249031.600235
1494799.512802
1058415.786851
575964.976499
733677.833262
1031247.490087
1280471.780981
1733077.101475
572329.177424
577460.742559
652178.585108
484197.396818
461911.159929
358272.873633
2700891.192815
1673636.600456
1644285.257157
1230914.736868
967996.998381
828811.813312
1049261.674059
471443.010937
1167433.169248
979587.673504
1727439.687837
2566668.240494
2225225.176322
1045052.292179
960413.638630
2154500.483627
812914.655608
2298881.851925
1571227.368718
1487341.996282
1419429.827576
2244464.547859
1401285.978689
1045515.645592
2306198.728020
2136403.822689
1296902.561270
2373933.058654
1381839.914525
1594764.354984
2214466.876035
1905099.788833
950251.229745
1494197.896006
1635392.973492
822384.881578
2298320.459278
725366.452621
1468589.955560
1683058.654543
950400.119254
1263465.111885
933079.454891
180302.980957
969585.669965
1108062.189063
1788728.389769
377613.524828
821965.783121
2127546.990464
2238616.735276
585335.922162
2497100.001199
1128892.969809
1021580.055296
2559116.668346
1405159.664562
2115535.623186
1056476.819060
2273102.583783
1646391.328053
588535.710285
1706302.224409
831632.413870
