4 18793 26572
16 7036 32620
42 1063 26584
1708 183 28035
3832 60 32586
6645 5 19659
4567 0 2981
896274.242176
209555.617205
669079.698599
252874.377499
455252.057911
536045.236038
1136225.844142
616926.836184
584388.318477
691146.482432
899393.728889
310549.485380
834748.545775
880683.118454
444181.460254
993355.129420
867592.377933
1079772.519550
532312.408174
359655.904839
306188.224792
612775.162390
773816.934730
577410.059323
386092.163277
640393.717850
636991.267502
123805.452785
316974.265731
708243.788744
986437.202159
752578.200093
542690.556994
859814.888288
1048637.936611
499471.625624
772265.486742
867276.305504
715192.702448
245781.264515
244511.160762
464572.406817
926107.301047
448190.762060
285439.520791
566241.225077
675078.693156
1048802.376524
221267.388822
716460.365507
912621.826502
429456.262465
701236.198825
476641.486810
713446.632403
405510.642711
725801.110910
496802.344736
589130.750467
659181.746511
481118.229683
558016.880643
120066.211049
493973.335889
838124.599575
709778.681417
80721.573785
1003882.695321
377594.020047
922389.606656
1186521.800522
558532.463693
125064.291354
234896.338001
264557.895109
947787.606654
930316.640219
584017.426821
493926.156991
980855.640322
901630.766312
492426.776465
922482.979566
394552.547425
268930.398022
873652.102215
650393.942379
878124.115871
775634.739542
534773.581586
846545.563864
820419.885983
486631.001325
836630.160915
819901.516138
613523.888279
561452.034330
665383.198334
451729.934986
365523.195539
