50
10 1 1000
500 19
10 1 1000
500 20
10 10 1000
1000 1
1020 1
1040 1
1060 1
1080 1
1100 1
1120 1
1140 1
1160 1
1180 1
10 10 1000
1000 1
980 1
960 1
940 1
920 1
900 1
880 1
860 1
840 1
820 1
6 9 875
494 1
1379 10
1350 15
315 3
792 19
658 8
670 13
1360 13
740 14
5 2 10
4 5
5 5
5 2 9
4 5
5 5
2 3 10
6 1
4 1
12 2
2 3 10
3 1
5 1
10 1
6 6 111
494 1
1379 10
1350 15
315 3
792 19
658 8
5 9 911
4 5
5 5
1315 13
996 11
1993 10
1061 12
1604 19
219 14
58 7
1 9 354
4 5
5 5
608 17
1658 10
381 3
972 15
1301 2
1701 13
1229 11
4 1 27
6 1
3 8 550
3 1
5 1
10 1
1433 7
671 3
1232 10
659 9
1272 19
9 4 628
574 1
1385 14
180 12
1455 6
4 8 49
1303 14
326 1
1919 4
1365 18
376 3
680 8
158 5
1442 14
4 2 729
411 7
1870 7
10 1 298
1546 6
4 3 794
1836 9
1472 8
279 15
2 6 662
846 15
1169 15
19 2
908 2
1403 9
564 9
8 10 860
1610 8
757 7
1893 12
501 8
1672 4
1255 10
610 19
165 11
1344 20
792 11
10 3 958
1232 8
946 7
628 15
7 8 116
216 4
1823 8
1907 15
1835 18
998 1
1527 19
291 12
1581 7
3 2 37
532 17
994 15
4 2 262
963 18
1470 2
4 5 398
1088 4
1304 2
330 2
1111 10
408 9
1 9 649
47 13
1373 15
85 9
428 11
184 11
812 6
221 1
1948 6
317 5
3 10 648
686 9
1529 16
911 9
1216 3
387 16
1721 12
1588 15
728 8
1934 18
1971 5
2 9 577
1074 16
1062 11
1112 6
202 19
671 3
1640 18
253 8
385 7
666 20
7 7 540
1153 4
679 6
1314 10
442 15
118 18
828 5
1431 18
6 6 772
1106 6
114 17
903 18
1024 7
644 2
239 2
10 10 794
1386 8
1231 19
809 13
453 18
42 20
1162 13
1850 9
888 13
1967 6
1086 3
10 5 439
219 10
480 17
1791 1
1938 16
1566 5
6 4 906
1190 8
183 12
700 17
704 1
7 3 873
523 8
1310 6
1848 4
6 8 613
1207 14
755 7
1163 10
953 19
207 8
164 17
636 7
628 15
5 3 235
951 5
459 14
1245 8
1 4 583
1786 1
195 12
1086 1
730 8
10 2 506
548 2
1670 4
7 8 923
1923 2
605 17
1712 2
967 17
1826 14
947 1
316 4
1481 2
7 6 162
1157 5
503 10
670 10
791 11
1346 7
1058 8
9 1 225
1457 3
8 5 419
1983 8
718 15
175 1
1435 16
228 12
7 6 516
51 5
537 1
1716 20
798 14
989 17
395 20
1 1 394
798 6
2 2 485
1881 6
660 2
2 5 261
1223 4
1996 10
1294 20
1979 6
987 18
3 1 546
960 15
5 2 677
1098 2
1654 2
10 10 1000
585 19
142 11
1150 15
894 4
787 9
439 2
1910 13
54 8
830 12
1445 13
