50
10 1 1000
500 19
10 1 1000
500 20
10 10 1000
1000 1
1020 1
1040 1
1060 1
1080 1
1100 1
1120 1
1140 1
1160 1
1180 1
10 10 1000
1000 1
980 1
960 1
940 1
920 1
900 1
880 1
860 1
840 1
820 1
6 9 875
494 1
1379 10
1350 15
315 3
792 19
658 8
670 13
1360 13
740 14
5 2 10
4 5
5 5
5 2 9
4 5
5 5
2 3 10
6 1
4 1
12 2
2 3 10
3 1
5 1
10 1
6 6 111
494 1
1379 10
1350 15
315 3
792 19
658 8
5 9 911
4 5
5 5
1315 13
996 11
1993 10
1061 12
1604 19
219 14
58 7
1 9 354
4 5
5 5
608 17
1658 10
381 3
972 15
1301 2
1701 13
1229 11
4 1 27
6 1
3 8 550
3 1
5 1
10 1
1433 7
671 3
1232 10
659 9
1272 19
6 9 365
508 13
897 17
854 1
388 15
1951 13
302 8
612 5
1653 12
967 11
4 10 434
1339 7
889 19
496 4
151 2
1954 7
1289 7
1764 6
852 4
113 6
1926 18
9 3 541
195 17
1952 2
1828 6
3 3 216
289 1
994 17
777 16
8 10 363
1558 8
126 15
1579 1
100 17
27 17
1115 11
217 2
1648 1
823 15
398 5
9 3 245
292 18
1381 8
453 10
9 5 208
1229 12
842 19
1745 1
1707 11
969 14
1 8 835
428 18
1657 14
455 13
45 19
1857 16
1376 10
1755 20
1239 15
7 6 483
638 20
994 2
932 20
504 1
1873 17
1790 7
6 9 715
670 5
327 14
1423 16
1401 10
477 15
1329 15
1409 15
513 4
1665 4
9 6 435
1288 2
1687 13
538 8
571 13
26 6
1974 10
4 9 804
851 19
1953 7
1593 2
1394 14
1956 18
949 20
1113 17
18 19
1176 19
8 8 808
765 11
760 11
896 14
172 11
1772 16
62 11
928 20
155 1
5 10 869
94 20
840 6
696 17
105 4
127 2
1263 14
1806 13
1046 8
1768 11
1472 11
2 7 392
464 6
1483 11
287 8
1182 15
1061 2
346 19
1389 3
3 2 681
1764 7
1967 1
9 2 221
219 14
692 9
5 8 292
211 15
774 13
1853 13
714 7
1506 7
1353 4
796 7
846 19
9 1 985
905 13
4 8 453
654 1
1496 2
1508 5
1845 10
200 18
1602 12
1063 7
1411 8
4 5 691
1221 13
1888 11
1311 20
316 16
432 11
5 7 756
596 12
1957 15
1717 1
524 8
770 17
671 4
1495 1
1 8 547
1793 20
1919 20
1471 10
879 18
1797 3
1240 11
899 15
1578 2
3 4 50
1455 19
317 4
1735 20
408 10
10 10 149
967 3
289 17
1334 11
466 13
600 14
1875 19
1597 5
833 6
1106 15
1910 16
9 8 824
164 15
1163 3
484 15
433 4
253 7
624 9
1420 14
307 4
3 10 858
1523 16
1334 15
42 20
841 3
1947 1
1822 10
945 16
933 7
1559 19
651 3
1 7 166
1959 9
1252 5
492 16
1185 2
459 12
35 5
445 14
8 7 420
1138 9
542 14
1644 6
653 15
44 3
1449 14
392 6
2 10 569
1089 3
857 5
444 15
676 19
831 1
1304 20
219 16
678 19
969 11
1135 14
3 1 189
1418 9
2 1 806
525 12
5 5 154
1231 9
1950 17
1265 8
79 17
83 19
7 10 648
446 18
110 12
623 5
972 11
1642 12
1864 2
617 1
1565 3
705 18
925 14
7 1 910
1446 12
10 10 1000
1646 1
222 4
390 9
101 20
978 12
842 2
1003 5
1195 14
868 8
1783 20
