100
2 0 0 1
2 1 0 1
0 1 46 100 71 96
23 21 0 19
2 3 33 74 66 27
3 4 39 57 93 18
4 5 33 74 13 29
18 19 48 28 68 50
20 21 2 41 8 29
8 9 56 95 46 44
19 20 31 72 27 69
14 15 17 66 96 36
17 18 31 30 67 2
10 11 58 15 85 53
12 13 25 29 46 65
13 14 58 12 81 10
11 12 21 73 63 26
0 1 54 98 54 45
6 7 16 62 35 79
5 6 21 88 23 68
9 10 16 96 74 59
15 16 2 45 60 56
16 17 9 67 64 51
7 8 8 70 44 75
1 2 2 66 41 71
93 85 56 76
78 79 0 55 90 36
2 3 8 55 50 38
38 39 14 5 74 5
21 22 28 98 82 25
54 55 44 70 8 23
18 19 57 7 6 53
57 58 18 84 99 39
13 14 2 63 26 4
11 12 3 35 37 62
70 71 2 76 22 51
24 25 14 80 99 93
52 53 52 32 30 73
89 90 10 41 29 8
34 35 57 37 35 32
36 37 54 14 18 2
19 20 1 90 80 32
5 6 18 5 87 54
53 54 20 61 61 52
58 59 30 66 31 36
47 48 20 41 88 34
8 9 59 65 22 61
82 83 2 16 24 8
10 11 6 58 21 97
51 52 29 86 54 70
25 26 22 77 64 12
46 47 38 77 60 17
55 56 14 96 28 81
85 86 27 83 6 10
79 80 35 51 83 21
73 74 58 62 15 23
59 60 9 64 87 8
35 36 8 59 51 89
33 34 48 77 99 86
27 28 20 82 29 46
15 16 51 83 85 89
49 50 14 91 43 28
22 23 39 60 7 45
88 89 37 62 27 56
65 66 5 90 7 83
41 42 37 82 86 85
0 1 4 32 85 7
75 76 13 67 26 51
81 82 40 88 4 61
83 84 56 48 48 32
16 17 3 33 35 17
44 45 0 37 47 49
80 81 2 91 71 24
74 75 38 2 27 81
4 5 45 26 82 27
1 2 49 58 45 73
31 32 26 19 69 65
62 63 32 58 52 31
64 65 36 62 54 0
20 21 19 93 31 97
72 73 28 37 34 84
77 78 52 75 62 20
7 8 21 64 63 84
69 70 11 39 26 81
3 4 30 49 6 19
29 30 58 60 16 46
50 51 30 96 42 26
66 67 20 65 89 43
87 88 19 66 97 2
32 33 44 53 13 96
28 29 30 41 57 31
43 44 46 15 65 53
48 49 23 32 51 8
17 18 32 30 91 9
86 87 54 79 48 10
42 43 19 72 72 65
26 27 11 14 41 6
23 24 44 37 38 47
45 46 40 28 25 48
14 15 15 96 92 87
61 62 5 39 44 8
63 64 39 22 26 46
40 41 30 93 48 29
76 77 59 29 65 62
56 57 29 15 41 9
37 38 41 77 54 38
6 7 15 60 64 56
39 40 42 52 8 87
67 68 6 5 73 99
90 91 38 80 11 87
91 92 16 17 33 80
96 92 25 44
17 18 55 90 77 17
93 94 27 11 82 56
15 16 3 9 84 25
77 78 18 79 27 72
68 69 10 50 34 15
23 24 49 19 54 51
84 85 8 76 98 53
35 36 37 15 10 23
78 79 16 56 56 12
21 22 11 78 43 76
0 1 50 77 39 89
61 62 48 25 49 8
2 3 52 43 3 96
94 95 11 3 23 98
41 42 38 94 38 59
44 45 17 77 59 79
67 68 22 17 30 80
83 84 3 56 19 72
82 83 38 22 97 60
73 74 35 3 79 86
90 91 28 94 26 96
50 51 27 65 73 57
89 90 8 6 15 66
49 50 37 35 31 47
62 63 48 62 16 23
86 87 32 52 30 32
60 61 51 49 45 56
59 60 30 92 69 8
57 58 31 31 52 0
3 4 39 7 64 70
28 29 58 79 28 3
12 13 38 90 95 46
38 39 37 72 5 41
42 43 16 21 95 25
53 54 24 44 97 31
25 26 14 68 33 39
6 7 38 31 86 73
56 57 23 18 72 9
45 46 39 33 26 26
80 81 23 44 39 25
63 64 23 27 43 48
32 33 54 99 47 80
43 44 55 42 84 7
47 48 20 33 8 63
65 66 10 35 88 71
33 34 22 37 58 22
58 59 43 9 58 3
39 40 29 68 48 65
4 5 7 52 93 24
91 92 15 34 79 96
5 6 33 13 64 27
36 37 50 30 94 75
88 89 59 62 22 14
64 65 6 24 72 44
9 10 8 30 79 73
16 17 56 66 36 44
31 32 9 76 31 90
54 55 56 29 25 31
34 35 43 67 7 32
18 19 33 2 71 90
26 27 33 46 29 83
87 88 56 15 71 33
46 47 52 18 68 42
19 20 10 22 4 17
71 72 39 21 11 40
76 77 9 45 44 31
81 82 13 57 14 33
24 25 10 63 57 44
48 49 24 20 18 57
30 31 11 41 98 90
7 8 54 79 49 3
75 76 36 12 4 96
40 41 53 4 79 83
10 11 29 94 8 13
70 71 22 56 44 81
13 14 16 74 17 12
8 9 47 53 32 95
20 21 32 100 51 66
85 86 40 62 83 80
11 12 36 84 12 33
51 52 16 65 42 79
37 38 29 8 39 36
29 30 13 32 37 62
22 23 0 41 10 67
66 67 53 58 14 34
92 93 58 21 83 36
55 56 13 39 52 39
52 53 36 61 92 11
72 73 37 74 61 11
79 80 38 96 97 91
1 2 45 59 36 64
74 75 14 18 40 0
27 25 5 24
9 10 12 59 91 44
8 9 2 93 9 46
16 17 28 60 83 44
23 24 40 75 5 38
0 1 13 3 82 30
12 13 42 24 23 20
20 21 2 23 3 96
1 2 14 11 6 26
4 5 12 30 64 66
24 25 0 95 27 99
15 16 44 18 51 4
22 23 9 53 24 23
7 8 23 97 16 91
14 15 25 52 83 28
18 19 12 81 79 49
17 18 14 50 42 27
25 26 9 25 91 85
13 14 27 90 78 37
21 22 35 27 20 65
19 20 46 96 92 31
2 3 18 50 32 92
10 11 40 84 77 86
3 4 42 54 48 78
5 6 18 93 15 37
6 7 25 46 95 50
5 2 1 3
1 2 36 73 4 55
3 4 25 95 95 93
21 14 8 9
19 20 16 12 52 43
4 5 41 3 14 76
16 17 31 88 23 8
13 14 33 22 60 66
7 8 21 37 70 100
17 18 43 73 69 94
12 13 24 35 79 15
0 1 25 39 100 96
15 16 56 25 5 0
11 12 20 5 94 78
6 7 21 7 99 37
14 15 51 87 51 57
1 2 4 31 15 95
18 19 44 98 27 94
54 48 35 38
2 3 19 17 90 78
6 7 5 20 9 94
13 14 52 74 17 93
46 47 48 95 35 76
34 35 46 30 69 20
26 27 30 81 90 4
49 50 22 57 26 22
11 12 38 1 70 9
40 41 38 5 39 69
38 39 43 82 27 15
43 44 28 82 36 29
10 11 43 80 54 7
47 48 29 80 98 96
44 45 17 13 66 20
31 32 50 53 54 45
21 22 27 13 49 5
36 37 54 56 4 82
45 46 36 22 25 9
7 8 55 91 46 16
33 34 53 16 52 40
9 10 56 4 66 14
5 6 36 6 79 94
51 52 24 100 94 68
12 13 10 55 97 14
20 21 3 63 22 80
17 18 56 37 93 10
3 4 57 10 1 29
30 31 2 12 94 13
25 26 3 7 74 24
23 24 53 15 88 57
50 51 3 14 94 68
48 49 24 10 13 25
27 28 51 19 97 3
8 9 53 5 97 88
52 53 52 65 59 8
18 19 51 24 76 76
15 16 38 47 61 88
0 1 59 98 67 27
19 20 23 11 98 44
28 29 44 27 45 43
4 5 21 7 51 17
35 36 49 93 29 12
37 38 42 14 38 97
14 15 36 76 28 19
16 17 25 77 83 92
41 42 0 72 83 94
29 30 12 37 21 30
22 23 28 79 69 96
62 40 31 57
38 39 32 92 76 13
14 15 51 46 51 94
57 58 40 67 92 88
51 52 59 51 29 51
18 19 47 57 39 66
55 56 32 93 47 60
15 16 40 15 95 76
44 45 26 20 86 24
0 1 53 67 20 62
20 21 47 9 24 100
8 9 6 28 73 82
31 32 20 61 52 30
11 12 42 64 46 68
3 4 8 88 76 68
58 59 56 97 2 49
43 44 43 88 96 3
25 26 31 40 85 70
47 48 22 67 76 76
1 2 40 8 38 97
5 6 32 40 29 62
27 28 55 37 98 39
9 10 3 6 69 88
60 61 21 45 33 23
41 42 13 7 93 67
50 51 25 23 49 21
10 11 13 2 62 41
35 36 59 74 47 57
48 49 38 69 34 54
56 57 34 25 58 52
42 43 23 34 14 34
34 35 51 48 57 77
36 37 18 48 40 19
29 30 25 7 11 44
28 29 57 76 22 71
12 13 28 8 74 57
24 25 56 75 86 80
7 8 33 51 55 86
13 14 51 81 16 27
52 53 15 5 35 30
21 22 30 16 51 9
30 28 5 27
17 18 38 13 91 2
22 23 15 97 1 18
27 28 45 24 95 86
7 8 13 76 18 82
28 29 8 14 9 65
5 6 39 46 46 89
26 27 57 13 96 22
9 10 8 80 29 54
21 22 0 23 8 53
20 21 16 85 55 42
12 13 19 7 5 48
10 11 56 89 12 19
18 19 4 27 24 16
6 7 57 95 26 2
8 9 39 66 17 58
2 3 35 53 73 29
1 2 29 41 80 24
4 5 11 26 82 69
3 4 20 58 75 3
19 20 38 73 41 50
16 17 25 74 39 56
25 26 40 97 18 64
11 12 12 49 32 39
0 1 44 28 69 36
15 16 2 30 9 19
23 24 0 56 9 21
13 14 58 31 71 45
14 15 30 5 5 100
55 50 8 40
19 20 10 68 74 0
9 10 53 90 39 60
10 11 54 83 27 41
26 27 46 41 86 55
4 5 18 94 60 39
24 25 57 10 21 24
22 23 59 92 95 63
11 12 59 14 7 65
6 7 1 90 86 23
35 36 38 92 13 33
0 1 58 93 79 45
46 47 56 19 74 37
34 35 18 97 11 29
42 43 20 38 54 87
43 44 18 75 64 59
36 37 8 62 11 77
29 30 26 50 76 76
7 8 57 72 89 19
17 18 28 94 52 65
37 38 18 44 6 91
30 31 21 42 62 11
38 39 29 96 34 62
51 52 48 99 12 42
18 19 51 84 84 98
25 26 7 81 18 35
2 3 20 10 7 57
28 29 7 53 36 2
44 45 56 47 23 24
23 24 59 67 77 54
15 16 39 16 86 5
48 49 2 22 23 63
13 14 52 45 55 65
21 22 0 90 23 89
53 54 23 86 59 48
3 4 24 38 15 50
50 51 12 6 2 96
40 41 53 90 16 19
5 6 18 48 50 55
27 28 59 17 93 58
20 21 24 68 76 63
45 46 7 94 52 99
31 32 22 66 66 5
8 9 56 90 24 44
52 53 12 95 51 9
41 42 50 37 88 94
1 2 59 15 82 12
32 33 27 7 42 62
16 17 49 54 27 43
14 15 50 49 98 65
49 50 52 37 65 88
63 44 19 30
7 8 24 56 64 20
17 18 38 82 46 57
32 33 6 76 4 32
52 53 32 20 42 31
5 6 13 8 7 52
47 48 34 54 12 4
38 39 57 50 46 72
42 43 8 83 3 75
56 57 31 25 53 93
61 62 41 52 37 61
54 55 57 3 69 62
2 3 6 18 53 73
43 44 4 3 94 62
53 54 31 1 56 59
30 31 17 77 38 21
19 20 3 89 84 38
6 7 59 67 38 52
11 12 52 44 30 16
10 11 3 21 18 52
22 23 2 3 90 58
49 50 55 76 68 31
24 25 40 51 36 93
26 27 9 49 34 37
40 41 5 20 57 16
9 10 31 16 18 83
3 4 28 96 20 48
35 36 51 51 3 49
29 30 13 26 39 29
27 28 12 34 9 78
28 29 29 1 77 24
21 22 36 37 30 33
55 56 29 5 95 72
44 45 13 19 82 62
1 2 22 76 31 79
13 14 55 39 61 32
23 24 23 33 10 16
12 13 55 77 69 58
58 59 57 44 53 30
4 5 54 38 92 81
60 61 48 49 39 50
48 49 58 71 46 85
37 38 12 25 65 48
16 17 11 16 82 84
39 40 31 75 65 16
19 18 14 16
11 12 11 2 19 34
6 7 32 76 60 60
12 13 24 79 12 56
7 8 28 11 74 97
4 5 30 54 63 68
0 1 42 53 81 87
10 11 44 81 9 72
8 9 37 74 25 54
13 14 12 48 78 26
1 2 9 84 15 16
17 18 30 21 82 24
15 16 7 7 82 10
9 10 1 21 55 55
3 4 4 51 92 74
14 15 49 55 98 25
2 3 4 40 48 45
16 17 25 93 97 36
5 6 41 55 83 35
23 20 3 20
8 9 34 41 72 52
20 21 7 80 80 79
7 8 59 69 48 83
19 20 27 24 39 100
21 22 4 12 93 95
11 12 36 29 69 65
0 1 45 37 68 54
15 16 4 98 85 100
5 6 0 58 2 86
13 14 53 37 65 85
18 19 48 79 58 12
14 15 19 68 44 34
1 2 59 77 36 4
4 5 36 43 52 55
3 4 15 73 64 58
9 10 56 67 70 14
16 17 10 94 88 65
2 3 54 51 85 96
12 13 58 76 95 10
17 18 41 61 42 99
76 59 56 67
3 4 40 61 11 89
18 19 10 40 19 42
73 74 7 77 47 44
6 7 30 15 11 78
2 3 5 58 12 3
37 38 28 64 71 44
34 35 19 82 12 86
40 41 4 30 100 89
4 5 52 4 95 13
49 50 40 7 12 75
64 65 59 10 23 46
19 20 26 92 70 94
14 15 23 62 12 71
67 68 42 56 21 100
71 72 39 53 85 39
48 49 33 41 87 32
25 26 56 97 94 47
57 58 6 24 40 58
70 71 1 59 35 71
11 12 51 83 32 44
21 22 54 60 82 13
16 17 48 100 27 36
5 6 3 32 83 96
61 62 55 7 46 70
74 75 49 49 37 30
29 30 30 28 57 28
9 10 11 68 27 7
12 13 45 83 77 49
38 39 12 84 45 33
42 43 0 83 11 85
30 31 40 56 67 51
10 11 27 62 50 59
24 25 58 36 7 22
32 33 44 94 22 22
8 9 15 9 52 17
50 51 28 92 3 44
59 60 7 63 10 70
66 67 43 81 42 53
0 1 15 40 94 1
15 16 46 82 27 75
26 27 11 67 33 73
45 46 25 18 15 63
28 29 14 92 58 64
41 42 14 96 38 20
69 70 34 44 97 14
68 69 46 57 59 99
47 48 31 84 71 23
23 24 11 47 47 11
44 45 37 43 52 61
55 56 45 7 1 8
43 44 32 44 57 83
72 73 1 25 26 13
39 40 30 81 18 96
36 37 12 78 98 31
27 28 35 47 32 50
51 52 58 46 69 86
17 18 54 64 16 45
31 32 19 3 69 68
20 21 10 16 63 90
51 38 3 30
9 10 37 59 37 28
37 38 55 98 6 54
45 46 53 92 61 37
26 27 40 91 73 22
48 49 37 37 33 20
16 17 20 81 41 23
1 2 27 25 40 87
31 32 25 85 84 93
6 7 57 26 22 100
7 8 15 16 93 26
19 20 0 73 29 88
36 37 13 67 48 54
24 25 12 1 11 89
35 36 46 35 68 11
41 42 54 44 64 9
49 50 37 90 86 51
17 18 19 17 95 96
39 40 48 87 31 42
21 22 47 66 88 4
29 30 55 2 90 27
2 3 12 41 10 66
23 24 51 4 89 89
40 41 25 12 29 66
46 47 24 95 78 97
30 31 59 54 69 52
22 23 38 1 53 77
47 48 46 50 12 22
20 21 49 31 12 34
42 43 45 56 40 41
34 35 53 15 52 53
44 45 11 37 68 34
32 33 55 39 6 88
8 9 16 7 3 21
18 19 43 91 8 48
11 12 32 49 62 73
10 11 46 69 94 38
15 16 58 54 60 87
43 44 2 66 79 81
10 9 2 8
6 7 10 72 2 100
8 9 21 20 49 6
3 4 59 93 18 2
4 5 28 36 24 90
7 8 21 74 1 39
2 3 35 22 9 95
1 2 57 92 66 19
0 1 46 1 95 34
5 6 58 25 91 11
74 69 34 62
48 49 6 86 18 24
60 61 33 16 10 6
46 47 41 3 81 99
39 40 13 91 7 39
7 8 30 71 60 22
26 27 25 55 85 5
35 36 47 57 61 66
31 32 20 34 13 98
71 72 28 37 79 55
70 71 18 33 98 60
4 5 38 96 83 26
3 4 55 2 12 2
16 17 30 28 92 10
40 41 19 21 28 88
38 39 43 20 33 80
21 22 28 87 91 36
57 58 26 30 74 35
43 44 36 86 81 25
25 26 37 55 64 96
2 3 36 99 47 74
41 42 12 57 95 97
49 50 37 48 25 31
32 33 58 18 64 52
11 12 17 8 34 96
50 51 21 77 100 52
6 7 13 9 33 89
72 73 17 15 17 69
23 24 23 49 31 41
56 57 44 9 41 41
58 59 33 27 26 54
15 16 57 11 38 4
53 54 42 50 85 100
1 2 55 4 63 40
27 28 50 91 67 29
59 60 5 23 48 76
33 34 6 80 75 31
19 20 56 16 73 4
20 21 27 73 34 57
22 23 32 80 78 98
30 31 0 49 87 5
17 18 21 34 80 67
37 38 40 54 75 18
8 9 26 70 87 16
24 25 59 16 57 22
45 46 48 26 95 75
68 69 47 21 3 21
29 30 31 57 34 9
54 55 44 33 3 85
14 15 12 76 87 14
28 29 41 99 93 100
18 19 21 8 68 72
34 35 44 58 54 66
9 10 5 77 68 47
13 14 16 43 53 87
42 43 39 80 60 91
63 64 1 69 1 38
0 1 27 90 36 53
44 45 34 37 98 57
69 70 0 16 42 57
64 65 5 69 25 10
66 67 39 34 75 93
55 56 5 11 29 82
10 11 38 21 53 11
65 66 38 38 92 73
51 52 45 96 95 19
61 62 35 42 22 55
47 48 19 76 15 24
62 63 23 95 33 27
12 13 11 28 30 58
59 55 5 49
13 14 29 25 92 37
34 35 37 84 50 32
57 58 17 93 1 44
26 27 14 40 98 63
5 6 49 75 77 88
42 43 33 60 98 97
4 5 17 50 18 73
2 3 28 33 31 54
10 11 44 30 29 85
31 32 20 53 64 48
12 13 57 48 1 97
56 57 46 42 44 43
38 39 37 82 45 75
49 50 44 54 62 74
23 24 45 75 76 30
11 12 43 36 13 84
30 31 15 6 62 51
48 49 43 29 42 73
3 4 23 21 63 59
44 45 36 63 12 98
1 2 42 35 59 95
0 1 43 4 31 40
51 52 51 7 100 88
14 15 51 28 77 100
19 20 54 98 99 61
35 36 45 79 33 90
52 53 2 75 29 38
43 44 42 13 76 92
24 25 39 1 22 61
54 55 3 50 24 23
40 41 19 5 39 93
28 29 48 42 10 33
27 28 9 79 60 24
53 54 20 45 21 90
8 9 50 76 18 26
33 34 6 37 75 72
50 51 49 12 58 86
22 23 16 63 5 53
55 56 7 1 44 11
47 48 37 34 73 13
16 17 29 91 59 60
37 38 16 81 90 4
36 37 12 80 38 24
15 16 51 14 81 85
21 22 52 53 77 20
20 21 7 76 58 25
18 19 57 17 30 28
39 40 15 71 30 14
17 18 34 100 43 50
45 46 25 92 51 24
25 26 0 71 51 93
29 30 49 63 12 12
32 33 59 47 25 2
6 7 25 89 84 36
41 42 28 41 93 20
43 28 6 41
20 21 42 31 44 28
16 17 35 95 62 70
2 3 40 29 10 63
23 24 22 59 18 32
31 32 42 49 12 81
39 40 27 18 57 29
22 23 48 38 39 30
11 12 40 76 58 67
38 39 45 32 4 97
15 16 13 39 39 24
18 19 46 52 87 68
24 25 5 83 59 71
17 18 11 4 78 35
25 26 12 71 96 89
10 11 17 36 32 12
12 13 58 29 28 70
21 22 50 27 32 44
34 35 13 5 20 100
26 27 7 55 18 84
28 29 29 7 43 3
41 42 7 52 49 50
13 14 34 100 72 42
1 2 58 17 17 3
29 30 42 70 23 0
4 5 23 66 89 84
40 41 16 77 72 39
5 6 37 10 29 46
6 7 6 62 26 86
75 51 1 43
59 60 49 61 63 17
13 14 47 51 66 39
22 23 29 76 42 10
24 25 25 7 12 11
30 31 22 7 48 73
57 58 41 92 21 61
2 3 44 49 96 16
26 27 16 56 67 38
19 20 54 4 72 0
67 68 1 38 84 12
21 22 40 23 38 75
70 71 29 11 86 20
31 32 40 68 44 25
17 18 38 89 65 90
69 70 1 32 18 96
58 59 30 33 65 62
37 38 32 34 40 3
6 7 39 71 14 41
25 26 15 9 89 37
73 74 12 65 95 74
35 36 14 90 28 58
7 8 51 99 37 25
39 40 25 76 12 16
51 52 39 51 17 89
28 29 1 82 100 13
48 49 20 16 17 25
65 66 13 18 14 34
55 56 14 79 100 50
16 17 21 55 51 95
72 73 12 71 54 48
41 42 34 35 43 74
33 34 18 26 67 49
54 55 21 39 47 4
66 67 0 73 76 98
61 62 16 3 11 9
50 51 31 15 5 96
56 57 10 71 53 3
14 15 27 99 16 18
34 35 34 58 71 27
3 4 40 77 52 35
44 45 17 32 52 92
20 21 5 87 79 66
1 2 4 38 61 54
11 12 46 77 3 29
36 37 53 10 75 75
42 43 8 16 16 28
15 16 23 14 67 82
60 61 22 58 95 27
49 50 22 39 100 25
40 41 54 9 30 95
8 9 53 52 79 36
28 27 3 16
16 17 11 44 22 97
4 5 10 66 70 12
12 13 17 72 16 92
19 20 50 61 34 85
22 23 6 49 96 58
14 15 6 59 54 55
3 4 42 6 61 6
26 27 45 52 89 43
7 8 57 60 44 71
6 7 32 68 81 38
0 1 37 14 65 95
11 12 50 65 46 59
18 19 40 69 67 52
10 11 42 26 4 71
25 26 21 37 99 37
15 16 40 5 30 9
20 21 17 19 95 11
2 3 37 93 94 69
21 22 44 30 54 99
23 24 56 9 88 94
24 25 8 92 3 22
8 9 55 4 70 0
13 14 33 2 46 48
17 18 16 75 15 89
1 2 52 99 51 94
9 10 24 71 97 8
5 6 35 28 89 68
24 18 3 23
13 14 46 45 31 69
14 15 40 13 69 7
9 10 39 27 20 73
18 19 31 47 79 3
3 4 34 28 65 38
6 7 27 94 91 70
4 5 15 16 23 21
21 22 32 10 28 87
20 21 13 41 100 61
5 6 20 2 59 69
2 3 17 42 76 13
0 1 44 27 22 77
17 18 21 11 84 27
15 16 36 15 37 49
11 12 14 18 67 99
1 2 15 34 25 79
19 20 55 20 51 76
7 8 41 73 100 3
37 32 15 31
33 34 58 27 59 88
23 24 49 80 96 79
5 6 19 100 81 9
30 31 1 5 97 44
7 8 51 25 55 12
35 36 16 98 46 49
24 25 43 40 17 55
25 26 20 26 80 17
3 4 16 5 11 79
22 23 4 21 20 30
29 30 32 33 44 7
8 9 25 98 82 35
0 1 11 3 44 95
15 16 38 2 14 44
11 12 12 62 34 20
32 33 54 31 56 59
18 19 31 39 67 83
19 20 52 100 66 95
28 29 6 39 90 57
21 22 39 15 25 49
34 35 27 44 11 72
12 13 27 37 47 29
26 27 26 34 42 46
20 21 0 74 78 98
27 28 56 17 59 88
17 18 10 51 52 95
1 2 52 31 82 21
4 5 54 25 46 27
13 14 41 25 60 34
6 7 16 63 28 30
2 3 41 23 72 82
31 32 53 39 12 29
50 37 20 22
7 8 57 72 38 21
35 36 39 30 37 18
30 31 16 29 8 54
6 7 9 57 63 16
31 32 10 85 29 39
11 12 32 40 77 74
38 39 31 84 55 91
4 5 28 22 5 55
2 3 16 27 71 64
32 33 53 78 27 0
8 9 53 86 35 49
44 45 27 40 2 57
47 48 29 67 75 91
25 26 39 72 55 1
48 49 41 39 5 75
27 28 3 99 53 91
1 2 54 24 24 66
20 21 22 10 86 79
36 37 25 33 18 38
43 44 45 14 48 57
26 27 21 20 38 73
13 14 35 43 36 41
24 25 12 58 40 33
3 4 21 81 97 44
41 42 28 85 97 58
14 15 36 39 24 19
16 17 45 42 94 46
9 10 57 60 67 63
21 22 32 26 75 89
19 20 31 6 94 54
10 11 9 13 59 83
39 40 18 36 24 94
15 16 2 42 90 43
5 6 55 99 85 37
12 13 38 48 99 44
33 34 43 35 58 52
22 23 27 74 62 36
100 76 22 85
89 90 52 15 77 17
4 5 41 81 44 40
34 35 8 24 87 28
24 25 22 82 50 80
49 50 24 97 12 17
54 55 22 49 30 60
44 45 21 20 26 63
61 62 34 33 90 48
2 3 52 5 21 88
41 42 2 50 68 58
17 18 51 26 26 54
47 48 27 62 60 4
37 38 18 33 74 29
95 96 57 1 34 62
18 19 50 26 41 29
35 36 42 11 70 13
1 2 47 60 68 94
43 44 24 81 67 40
32 33 10 37 90 59
55 56 17 94 46 33
56 57 33 49 46 49
16 17 34 9 44 38
88 89 27 44 49 56
26 27 19 61 61 60
52 53 22 78 97 96
71 72 34 82 83 13
40 41 45 31 72 47
69 70 11 85 37 60
60 61 40 81 67 50
80 81 36 65 64 58
20 21 17 9 46 77
3 4 48 85 47 52
65 66 33 47 7 0
68 69 51 60 19 7
57 58 28 53 47 30
14 15 1 85 69 33
12 13 4 80 49 49
84 85 12 97 57 28
72 73 41 40 13 19
70 71 59 36 55 92
79 80 40 15 3 42
74 75 28 31 11 75
98 99 3 28 98 19
83 84 36 68 52 69
85 86 17 100 44 16
75 76 24 37 28 24
0 1 6 76 77 82
67 68 27 51 100 74
48 49 4 73 65 68
64 65 21 86 14 29
29 30 52 21 64 32
30 31 22 21 52 72
90 91 10 9 37 36
81 82 54 14 79 67
73 74 5 97 46 57
45 46 50 24 66 83
66 67 51 22 10 99
11 12 14 86 64 37
22 23 24 42 36 15
51 52 36 74 22 10
94 95 51 51 52 76
23 24 45 63 74 98
38 39 9 26 63 65
8 9 2 81 88 91
5 6 32 30 71 90
59 60 47 29 90 83
91 92 4 95 17 82
82 83 8 98 87 64
86 87 46 79 78 35
92 93 40 96 51 66
7 8 46 92 86 17
21 22 3 18 26 3
27 28 21 88 89 63
78 79 26 54 100 96
10 11 43 1 99 83
6 7 37 3 82 15
78 54 2 34
64 65 59 3 56 58
47 48 52 88 19 4
40 41 30 65 44 39
31 32 55 42 62 43
14 15 12 3 39 37
18 19 37 38 65 13
26 27 21 58 22 43
6 7 25 95 83 90
17 18 16 58 7 91
60 61 45 56 90 86
27 28 50 23 43 91
9 10 19 90 2 7
4 5 31 79 91 51
12 13 41 96 73 42
57 58 54 30 35 0
75 76 38 64 88 26
74 75 6 42 48 13
5 6 45 28 69 95
21 22 41 56 52 96
29 30 2 91 71 79
15 16 55 40 85 95
42 43 27 15 99 35
55 56 48 61 62 19
2 3 57 47 45 27
52 53 49 76 8 12
32 33 57 55 25 16
63 64 52 23 24 82
1 2 20 80 55 60
7 8 46 83 44 38
33 34 50 17 23 39
10 11 47 29 55 85
68 69 53 78 48 22
59 60 52 23 92 9
34 35 34 20 2 76
41 42 41 82 29 39
67 68 56 30 79 24
39 40 29 9 13 70
45 46 50 33 76 36
37 38 37 97 58 7
25 26 12 49 75 26
56 57 39 21 18 81
73 74 51 17 36 22
71 72 52 10 45 91
49 50 13 89 56 86
0 1 18 100 68 11
16 17 29 49 92 46
11 12 25 49 21 53
24 25 44 7 92 36
35 36 58 33 6 3
43 44 52 96 27 19
22 23 26 2 78 38
48 49 6 21 95 44
44 45 36 7 31 64
54 55 34 19 93 40
16 14 1 13
3 4 26 30 45 71
7 8 31 25 60 12
8 9 53 45 66 98
0 1 55 34 61 54
11 12 23 44 61 90
6 7 27 59 47 94
14 15 41 22 8 80
4 5 12 82 26 13
13 14 11 63 49 13
1 2 35 43 15 64
9 10 8 13 38 75
10 11 26 87 2 8
2 3 30 38 36 51
12 13 34 100 6 47
4 3 0 3
0 1 36 41 18 0
2 3 16 40 41 47
1 2 46 10 26 45
79 58 3 70
2 3 37 3 27 42
44 45 19 78 50 59
69 70 23 99 14 94
77 78 54 46 11 86
70 71 12 23 55 45
60 61 19 61 62 97
25 26 26 40 62 89
34 35 6 86 46 16
1 2 5 54 34 18
6 7 51 35 40 9
27 28 5 77 73 59
47 48 21 73 90 61
74 75 54 71 67 84
48 49 40 1 72 52
30 31 13 93 89 90
40 41 40 63 41 82
24 25 10 81 1 57
71 72 21 45 67 92
76 77 56 23 24 15
20 21 57 93 44 4
50 51 29 46 23 35
7 8 42 31 67 4
51 52 34 91 94 99
18 19 2 19 42 44
68 69 29 45 35 83
23 24 3 22 54 25
17 18 47 90 13 28
0 1 39 55 81 17
33 34 5 61 43 48
59 60 18 25 55 91
12 13 4 81 14 19
13 14 12 66 14 59
65 66 10 35 82 42
63 64 23 98 17 20
62 63 0 89 9 66
54 55 45 74 32 18
52 53 20 24 37 75
28 29 55 98 56 1
41 42 53 92 70 79
46 47 55 48 96 92
37 38 22 69 68 76
49 50 0 7 11 21
55 56 39 9 33 10
3 4 35 50 33 23
45 46 42 53 4 58
14 15 57 8 80 45
56 57 10 61 63 26
15 16 23 80 8 44
21 22 33 54 75 73
39 40 46 81 12 27
10 11 10 7 44 41
43 44 47 31 40 57
66 67 48 99 52 50
5 6 16 66 100 66
38 39 33 100 12 74
31 32 33 47 46 17
32 33 35 93 18 33
64 65 35 67 71 66
10 9 2 9
8 9 10 73 78 56
4 5 20 96 63 18
7 8 13 70 70 3
1 2 49 10 87 14
2 3 58 59 34 91
3 4 22 31 23 32
5 6 57 87 37 96
0 1 51 41 33 21
6 7 48 89 89 10
57 52 14 56
29 30 28 28 85 9
54 55 4 54 66 94
53 54 55 48 60 15
13 14 38 6 32 44
7 8 18 51 52 30
23 24 32 40 11 29
55 56 10 49 53 49
33 34 54 21 40 94
5 6 55 36 29 83
11 12 59 71 6 32
36 37 57 82 75 49
34 35 12 18 12 60
25 26 57 85 30 38
45 46 32 11 59 64
48 49 2 57 26 66
49 50 20 64 51 11
27 28 33 18 62 30
18 19 51 55 11 29
20 21 31 53 48 71
52 53 57 15 19 79
6 7 32 62 16 10
51 52 29 79 24 86
0 1 25 79 72 46
42 43 37 74 83 82
16 17 57 87 97 96
17 18 57 62 72 84
44 45 7 48 56 57
38 39 53 10 55 68
10 11 19 14 98 99
40 41 14 52 33 7
24 25 45 26 83 20
28 29 25 13 37 95
9 10 53 19 62 19
46 47 13 83 98 23
21 22 36 63 88 43
1 2 13 55 24 76
41 42 42 72 73 99
15 16 12 79 97 64
43 44 14 13 100 91
35 36 7 100 70 37
47 48 22 37 14 40
30 31 9 80 76 17
31 32 34 10 34 42
3 4 54 57 11 86
26 27 45 73 23 90
50 51 23 95 49 39
14 15 18 14 59 88
32 33 4 25 91 37
22 23 0 27 87 26
19 20 41 5 67 1
12 13 35 80 92 62
4 5 28 64 63 46
59 48 44 54
1 2 12 38 21 100
21 22 56 58 76 32
55 56 36 64 72 86
39 40 51 76 69 31
12 13 4 86 56 98
18 19 2 6 12 23
35 36 24 50 65 43
53 54 49 4 26 12
10 11 19 47 44 77
13 14 34 35 39 38
38 39 13 34 36 89
33 34 50 92 78 62
49 50 39 71 24 86
3 4 38 98 31 8
16 17 11 34 70 93
47 48 28 37 92 7
14 15 59 62 7 0
40 41 11 59 40 92
4 5 16 29 1 72
7 8 0 90 64 71
2 3 0 64 84 7
46 47 52 53 43 0
56 57 45 97 32 22
44 45 0 88 61 19
29 30 54 69 37 77
23 24 25 67 55 27
27 28 23 51 42 41
50 51 18 44 10 69
34 35 58 70 45 70
37 38 4 97 43 26
31 32 25 39 43 20
8 9 28 95 78 44
57 58 27 72 3 22
17 18 47 27 17 99
15 16 31 98 70 21
22 23 55 75 74 17
48 49 11 29 40 30
41 42 36 60 14 6
5 6 24 37 88 88
24 25 53 27 19 75
43 44 1 51 10 23
52 53 13 73 53 10
25 26 53 63 35 79
36 37 28 99 19 99
51 52 32 90 20 99
26 27 28 32 20 91
30 31 45 22 30 68
54 55 58 84 71 9
83 43 29 69
76 77 0 64 40 95
38 39 35 18 88 90
81 82 44 14 78 98
78 79 44 82 49 8
2 3 34 82 61 94
1 2 42 97 45 40
34 35 13 93 25 27
4 5 14 64 36 98
42 43 29 58 17 4
59 60 9 93 19 63
56 57 27 42 16 64
58 59 34 51 35 12
77 78 32 38 62 6
22 23 15 58 36 54
54 55 9 53 32 74
9 10 2 1 81 73
10 11 50 28 18 68
33 34 51 43 68 48
13 14 4 28 74 12
20 21 16 72 33 45
12 13 21 80 53 46
66 67 33 46 54 91
18 19 22 47 85 54
55 56 25 13 45 86
47 48 32 7 67 70
23 24 28 7 47 39
41 42 1 70 85 59
29 30 53 16 44 87
57 58 42 19 93 37
63 64 53 52 76 79
0 1 57 58 52 78
62 63 56 9 72 23
50 51 3 3 45 96
16 17 55 84 81 77
65 66 30 29 72 98
39 40 30 63 79 57
31 32 11 69 28 42
7 8 52 75 29 88
15 16 58 49 95 53
17 18 3 43 56 22
53 54 28 42 97 36
48 49 15 70 8 34
32 33 43 28 42 34
51 33 6 32
16 17 51 16 98 83
37 38 22 72 64 95
9 10 6 3 85 71
32 33 11 84 49 6
40 41 13 38 67 4
19 20 28 40 59 10
24 25 13 40 64 16
13 14 3 54 15 83
0 1 8 9 69 47
23 24 42 17 78 58
31 32 59 37 16 64
17 18 20 62 42 94
49 50 58 14 79 73
4 5 24 38 71 46
20 21 29 10 2 55
34 35 45 100 7 65
29 30 34 66 56 86
6 7 38 66 17 89
41 42 58 51 1 50
11 12 46 10 7 55
18 19 10 67 86 33
2 3 19 75 58 100
45 46 1 42 82 6
48 49 44 50 49 77
1 2 11 93 61 53
15 16 31 57 68 7
35 36 5 66 50 76
46 47 52 87 66 29
8 9 0 33 79 62
3 4 8 89 40 94
22 23 50 16 95 34
28 29 30 21 69 74
42 43 51 33 2 89
54 45 18 41
38 39 27 77 79 23
18 19 35 79 11 85
34 35 39 18 82 49
25 26 12 55 59 51
48 49 14 62 88 30
21 22 53 76 39 46
42 43 2 96 40 62
12 13 35 54 84 76
17 18 5 59 47 59
24 25 51 4 83 28
10 11 6 37 99 6
28 29 40 62 99 40
1 2 59 31 53 1
14 15 10 95 41 16
4 5 35 89 9 6
5 6 15 25 16 99
49 50 49 21 55 18
15 16 14 38 51 86
26 27 52 5 71 94
3 4 22 88 62 19
32 33 2 15 14 76
11 12 44 9 30 63
0 1 0 18 23 9
46 47 29 80 38 7
9 10 7 82 4 71
2 3 50 24 77 68
31 32 45 78 35 40
41 42 31 36 95 56
52 53 4 67 38 32
33 34 14 72 59 85
23 24 42 62 45 61
39 40 4 16 73 94
29 30 53 1 54 59
22 23 46 17 33 29
37 38 49 42 21 35
16 17 24 64 33 44
8 9 54 80 67 74
27 28 0 43 66 91
20 21 41 11 63 71
19 20 31 18 93 12
45 46 6 66 43 1
47 48 46 81 92 94
50 51 45 34 45 5
36 37 25 18 47 87
35 36 17 11 15 75
84 38 22 76
2 3 36 22 83 7
76 77 18 93 49 18
43 44 8 30 83 66
32 33 7 26 47 20
68 69 3 74 10 61
44 45 11 94 22 43
3 4 19 69 75 98
35 36 24 85 71 12
14 15 17 58 19 27
59 60 8 9 83 93
39 40 22 84 95 6
0 1 40 53 83 43
71 72 25 30 81 37
9 10 13 84 1 42
62 63 42 51 45 77
15 16 34 43 53 31
16 17 5 71 37 25
81 82 52 15 74 44
52 53 15 31 90 28
36 37 56 42 18 40
10 11 45 62 12 17
65 66 55 41 76 10
54 55 20 13 33 47
47 48 25 53 79 78
23 24 40 33 62 0
80 81 24 94 92 62
72 73 26 96 95 16
69 70 46 15 69 34
26 27 6 79 91 6
33 34 21 25 77 48
58 59 54 38 44 28
55 56 51 3 94 79
6 7 36 75 22 29
13 14 21 29 16 14
64 65 26 90 29 61
19 20 51 54 83 30
29 30 23 84 7 27
30 31 51 31 15 78
18 6 11 12
14 15 23 52 58 38
11 12 14 47 88 80
9 10 47 52 87 16
7 8 21 11 38 97
13 14 7 54 70 13
3 4 57 45 96 55
38 15 7 17
33 34 25 87 76 76
31 32 24 55 92 45
8 9 27 53 75 43
15 16 46 60 19 37
20 21 26 36 45 70
32 33 17 92 4 15
34 35 27 32 99 98
17 18 56 77 61 88
14 15 13 26 44 53
3 4 5 96 25 19
2 3 43 6 29 72
24 25 51 55 14 48
5 6 52 53 18 10
6 7 12 66 11 39
4 5 37 14 9 75
6 3 0 2
2 3 20 52 34 40
3 4 3 84 100 48
4 5 8 14 5 92
81 74 50 66
11 12 15 66 91 34
30 31 28 88 55 23
60 61 7 5 42 60
49 50 3 91 5 25
38 39 42 6 47 13
1 2 2 38 9 59
7 8 43 50 12 85
63 64 59 36 85 79
71 72 52 2 33 58
78 79 48 94 49 7
17 18 35 80 59 75
33 34 56 16 2 35
21 22 30 61 32 80
44 45 45 61 82 73
28 29 27 47 83 16
58 59 30 48 74 84
65 66 50 12 6 32
50 51 31 61 17 10
39 40 56 90 39 14
14 15 2 95 98 60
70 71 39 81 72 3
2 3 9 5 74 33
77 78 33 95 35 54
41 42 1 2 93 91
5 6 58 9 56 46
59 60 35 73 78 26
0 1 35 35 25 62
27 28 10 80 28 13
25 26 21 2 100 26
4 5 17 42 81 34
46 47 33 36 81 44
6 7 15 11 83 80
35 36 52 14 14 54
29 30 29 94 70 1
31 32 52 97 27 62
42 43 7 5 14 55
48 49 21 69 94 21
9 10 24 1 73 62
57 58 38 76 40 58
51 52 8 98 17 19
20 21 47 71 44 61
36 37 30 19 94 99
67 68 46 39 38 83
18 19 59 25 50 71
66 67 13 77 10 14
19 20 14 58 92 50
13 14 4 53 43 20
74 75 6 99 12 53
45 46 51 70 22 40
62 63 20 65 95 60
54 55 1 86 86 100
72 73 0 3 38 80
24 25 48 83 78 72
73 74 20 42 28 5
75 76 57 13 47 2
32 33 42 22 48 25
56 57 20 93 44 15
23 24 58 92 76 84
15 16 13 72 91 65
34 35 8 55 31 21
16 17 48 33 43 23
3 4 54 51 74 77
12 13 16 91 61 23
8 9 37 99 74 61
64 65 30 75 44 34
52 53 5 48 10 17
76 77 0 86 32 86
37 38 37 44 43 37
68 69 46 5 14 72
53 54 25 3 76 95
22 23 33 65 66 52
47 48 41 31 31 34
10 11 10 95 41 5
43 44 4 29 41 57
41 25 22 38
4 5 5 7 80 59
25 26 54 37 32 26
5 6 12 90 19 3
1 2 9 58 68 35
24 25 44 45 62 81
31 32 43 70 60 53
22 23 9 90 69 38
30 31 47 20 41 81
37 38 44 44 43 9
6 7 36 64 42 9
0 1 8 83 37 32
16 17 11 49 35 18
26 27 10 55 16 92
15 16 27 60 68 72
2 3 39 52 59 7
19 20 13 93 11 67
33 34 40 17 74 31
23 24 26 61 28 71
29 30 43 90 38 57
10 11 37 8 7 30
11 12 30 28 34 42
32 33 31 68 46 15
18 19 51 40 48 27
13 14 25 3 16 43
7 8 44 14 5 45
69 40 49 49
48 49 21 3 60 89
55 56 5 33 83 7
33 34 30 88 3 14
36 37 24 17 98 11
13 14 3 82 89 98
39 40 24 8 49 3
66 67 28 61 37 6
21 22 34 5 17 26
59 60 56 70 68 9
7 8 8 19 89 90
11 12 15 67 33 22
49 50 23 86 31 46
54 55 44 20 19 96
26 27 57 42 21 28
60 61 27 3 47 40
52 53 42 61 57 36
23 24 51 23 15 15
46 47 26 59 89 44
27 28 27 87 81 52
8 9 40 29 11 1
24 25 3 43 31 3
17 18 25 55 9 44
51 52 37 25 40 96
53 54 58 26 64 53
32 33 50 83 28 62
44 45 24 5 59 42
15 16 19 46 19 13
2 3 6 8 49 82
37 38 19 4 9 57
65 66 47 51 2 21
6 7 10 34 98 91
12 13 5 68 74 69
5 6 42 56 1 19
14 15 8 42 1 36
28 29 31 3 27 35
61 62 54 62 47 13
42 43 3 75 6 63
29 30 40 18 89 35
43 44 45 11 40 73
64 65 58 36 41 77
5 4 3 4
1 2 53 65 47 98
3 4 2 31 49 74
0 1 56 35 41 8
2 3 48 40 15 60
97 89 63 80
70 71 50 31 51 28
95 96 37 89 45 34
47 48 27 32 61 38
64 65 42 55 26 95
55 56 15 17 91 9
86 87 0 37 60 5
12 13 31 71 78 86
43 44 16 34 78 17
13 14 7 21 71 53
33 34 19 28 87 68
34 35 51 59 79 0
17 18 27 57 83 81
53 54 57 62 47 33
72 73 24 43 64 64
45 46 9 77 55 71
2 3 9 34 80 9
11 12 12 80 2 43
22 23 31 58 88 94
16 17 16 46 7 60
37 38 16 71 98 19
63 64 6 77 38 74
83 84 39 26 56 25
51 52 58 18 78 21
14 15 38 93 34 96
10 11 5 99 79 91
61 62 35 15 25 16
25 26 14 11 79 48
48 49 26 3 13 9
0 1 30 47 94 94
82 83 57 33 43 13
71 72 17 82 9 10
75 76 47 74 5 95
30 31 20 5 48 97
88 89 45 76 52 24
26 27 6 24 82 80
68 69 9 84 31 3
36 37 36 44 14 1
7 8 9 2 73 64
40 41 36 64 21 12
3 4 29 97 51 100
84 85 36 16 21 67
79 80 14 62 50 1
20 21 46 11 80 66
1 2 36 49 33 41
8 9 0 76 82 84
52 53 8 65 85 72
67 68 6 59 59 89
87 88 36 48 24 98
41 42 12 12 11 35
76 77 39 64 62 21
35 36 18 38 70 48
28 29 4 74 72 24
6 7 59 83 3 66
73 74 33 67 77 7
65 66 44 61 8 20
42 43 48 26 33 52
5 6 38 58 80 15
66 67 37 18 59 7
77 78 53 75 64 20
19 20 1 23 79 53
49 50 45 37 30 48
92 93 39 70 86 18
39 40 6 89 21 31
69 70 8 23 14 91
59 60 17 2 69 35
24 25 48 98 73 77
18 19 5 51 58 19
78 79 50 28 55 11
85 86 58 75 92 34
9 10 57 5 14 69
44 45 56 5 56 28
56 57 30 79 2 39
4 5 58 36 68 34
31 32 15 97 69 16
21 22 35 1 36 95
58 59 31 74 86 75
93 94 30 21 99 79
38 39 15 62 27 86
62 63 15 89 95 36
32 33 47 24 75 70
91 92 39 41 39 52
94 95 10 64 77 45
74 75 49 62 22 75
23 24 11 69 1 92
80 81 16 3 23 58
46 47 8 60 76 13
54 55 6 56 99 95
81 82 24 13 94 6
27 28 17 14 82 49
94 78 59 91
67 68 45 36 59 66
16 17 29 58 99 81
77 78 43 20 24 54
3 4 34 73 70 44
10 11 21 69 94 71
65 66 26 61 20 66
5 6 22 57 69 50
36 37 59 43 32 78
89 90 9 7 92 71
54 55 44 32 70 35
49 50 21 76 49 30
30 31 53 10 62 46
62 63 9 37 12 8
14 15 16 37 57 59
13 14 28 38 75 43
50 51 10 14 8 64
80 81 7 99 15 45
76 77 14 58 49 9
69 70 26 19 93 87
82 83 11 53 48 53
81 82 22 30 74 42
70 71 3 32 74 6
11 12 22 84 5 12
22 23 20 85 4 54
53 54 58 9 17 19
45 46 52 15 72 35
92 93 53 87 80 16
4 5 24 35 44 24
44 45 51 30 95 58
33 34 45 26 63 94
55 56 3 93 38 36
21 22 39 13 24 96
23 24 34 4 42 19
31 32 58 31 11 69
91 92 13 3 87 97
39 40 59 36 31 24
60 61 22 9 68 86
71 72 25 3 59 43
29 30 19 73 3 6
12 13 9 97 96 29
90 91 1 85 63 50
84 85 35 17 10 23
6 7 15 53 64 97
61 62 43 61 73 93
19 20 41 62 82 83
56 57 4 89 86 20
43 44 6 61 58 17
59 60 47 39 100 25
17 18 49 37 99 24
64 65 4 68 68 12
72 73 26 85 89 10
35 36 18 69 75 50
88 89 11 76 80 6
28 29 4 7 6 23
83 84 8 51 66 95
73 74 54 82 62 54
85 86 58 34 54 14
1 2 19 87 4 71
52 53 6 99 57 55
75 76 23 9 9 7
47 48 48 81 23 94
79 80 4 30 97 0
25 26 14 24 36 91
37 38 51 12 7 84
78 79 5 57 65 71
0 1 3 38 69 97
86 87 10 67 36 45
58 59 13 100 67 54
51 52 7 90 29 54
18 19 42 83 65 52
66 67 12 80 48 23
41 42 11 85 35 90
2 3 29 46 16 90
74 75 52 83 40 15
57 58 4 78 55 29
48 49 57 31 1 14
34 35 11 22 40 70
24 25 10 15 98 84
86 85 25 85
22 23 32 1 23 36
4 5 16 32 48 44
30 31 18 74 51 98
19 20 18 85 7 81
54 55 8 5 60 20
15 16 46 49 16 13
36 37 27 77 26 73
38 39 19 7 53 73
71 72 28 86 92 60
70 71 35 87 80 54
62 63 50 12 36 55
64 65 38 59 64 81
75 76 14 72 72 17
60 61 39 96 96 16
20 21 17 76 1 41
2 3 41 95 10 6
43 44 20 3 17 94
83 84 56 80 94 62
80 81 40 57 1 15
10 11 22 41 43 35
23 24 24 85 76 35
33 34 37 94 89 46
61 62 29 14 67 93
56 57 15 55 43 81
49 50 14 81 38 29
29 30 53 20 84 96
18 19 5 14 71 3
5 6 53 3 28 83
53 54 34 13 97 53
34 35 34 83 60 42
9 10 31 47 28 57
39 40 16 41 68 85
37 38 41 74 1 33
59 60 31 59 84 73
41 42 50 58 59 3
46 47 38 70 42 88
78 79 53 20 52 66
28 29 57 33 84 27
68 69 9 91 28 50
45 46 23 88 6 67
11 12 23 26 25 67
26 27 44 65 36 20
81 82 9 1 23 50
79 80 8 89 48 27
77 78 34 20 6 25
74 75 15 56 89 31
40 41 30 85 62 88
52 53 34 41 55 47
25 26 51 36 7 16
51 52 12 74 63 46
58 59 20 57 19 48
73 74 30 21 30 45
84 85 30 48 68 93
16 17 9 20 97 96
8 9 52 18 34 65
57 58 12 97 22 34
44 45 57 26 2 9
67 68 53 36 62 34
55 56 54 98 6 45
69 70 18 87 77 17
14 15 59 72 5 84
1 2 37 99 14 100
32 33 54 79 31 93
50 51 56 98 82 96
47 48 30 88 64 67
27 28 52 44 40 57
24 25 34 99 69 53
17 18 27 3 6 19
65 66 25 31 11 18
72 73 53 37 48 54
6 7 1 4 75 6
13 14 43 69 65 13
82 83 4 80 16 69
0 1 21 71 67 70
7 8 35 8 3 3
31 32 19 5 28 37
21 22 31 60 89 33
42 43 49 56 28 48
66 67 20 95 26 28
63 64 26 92 76 43
12 13 39 57 84 19
3 4 41 42 48 90
76 77 12 79 85 4
35 36 12 89 18 45
48 49 44 58 30 71
64 30 0 63
4 5 4 56 51 51
14 15 15 78 6 86
53 54 48 22 7 0
35 36 55 40 97 9
11 12 32 54 77 68
0 1 36 4 90 84
23 24 27 58 17 40
38 39 19 48 5 38
1 2 57 17 10 54
28 29 49 77 35 94
39 40 55 39 40 20
17 18 36 22 80 66
20 21 20 1 71 33
25 26 21 64 30 19
47 48 36 40 31 55
59 60 13 15 88 28
56 57 20 8 39 36
41 42 15 90 5 1
30 31 59 42 82 62
10 11 40 35 75 26
19 20 49 89 12 6
24 25 20 27 28 57
26 27 30 54 2 41
5 6 45 92 50 19
12 13 2 22 32 0
49 50 51 62 55 94
54 55 44 60 19 70
32 33 20 44 92 56
61 62 55 48 77 51
27 28 47 28 32 81
87 59 38 44
75 76 29 61 10 98
4 5 53 61 44 75
57 58 23 34 52 56
21 22 53 62 90 83
55 56 15 66 78 26
5 6 4 18 28 35
3 4 54 95 15 19
16 17 57 88 1 32
79 80 17 9 68 51
66 67 49 6 25 28
36 37 43 93 28 40
49 50 1 6 32 67
60 61 18 41 4 78
18 19 45 4 31 49
64 65 46 40 38 83
58 59 32 20 34 72
82 83 41 48 85 88
10 11 45 41 5 94
61 62 7 70 94 59
33 34 34 9 76 67
1 2 38 14 49 31
0 1 54 85 99 99
15 16 32 62 56 19
40 41 9 100 91 92
6 7 5 77 9 35
35 36 38 54 80 64
47 48 19 44 54 29
81 82 20 4 38 60
24 25 33 99 42 95
71 72 54 21 22 65
54 55 5 20 94 47
80 81 41 41 84 99
19 20 58 40 87 43
43 44 40 19 70 8
72 73 49 13 10 88
45 46 21 22 16 21
38 39 30 76 46 10
32 33 14 60 66 25
53 54 52 8 10 78
28 29 10 99 82 4
69 70 30 57 24 64
8 9 13 81 69 26
48 49 5 78 52 28
65 66 36 46 37 94
12 13 52 25 47 95
34 35 45 37 33 11
63 64 53 88 3 2
20 21 6 72 69 86
68 69 10 56 20 34
37 38 17 62 89 20
31 32 5 87 31 93
22 23 10 62 3 100
25 26 29 12 24 1
2 3 30 35 37 20
76 77 0 12 82 2
74 75 50 6 34 44
56 57 7 79 43 13
73 74 28 100 31 19
39 40 1 35 35 53
25 24 3 24
10 11 38 41 70 4
18 19 25 80 57 30
20 21 53 33 89 48
3 4 52 77 21 34
21 22 4 54 28 2
13 14 46 28 1 58
14 15 19 17 75 57
16 17 19 44 52 94
0 1 49 95 38 56
7 8 44 55 2 4
19 20 41 5 49 72
11 12 14 66 10 78
23 24 28 67 60 99
15 16 52 95 89 92
6 7 38 70 56 31
9 10 49 8 29 90
5 6 28 70 63 18
12 13 34 10 37 5
8 9 36 32 23 8
17 18 3 99 27 94
2 3 55 97 32 44
1 2 53 37 14 96
4 5 34 1 31 38
22 23 34 64 25 66
3 1 0 1
1 2 48 1 38 49
90 55 5 71
88 89 50 70 16 81
72 73 20 19 45 63
75 76 49 27 82 46
77 78 45 89 60 32
44 45 52 96 82 61
65 66 57 12 7 11
32 33 58 80 51 17
5 6 15 92 65 71
64 65 7 9 13 4
68 69 33 65 42 30
50 51 55 43 1 100
57 58 45 12 70 99
82 83 50 74 13 100
36 37 43 12 65 12
7 8 22 34 71 46
42 43 0 93 90 40
20 21 51 32 49 61
0 1 7 52 41 19
39 40 55 12 99 98
61 62 41 51 97 47
59 60 59 57 10 69
40 41 56 24 26 21
33 34 35 83 30 11
87 88 44 91 20 45
12 13 0 21 40 52
3 4 31 28 28 85
24 25 5 77 100 93
14 15 28 18 36 16
49 50 47 6 80 10
28 29 59 98 65 95
55 56 32 29 50 91
62 63 58 7 83 3
53 54 56 54 38 40
78 79 9 21 1 52
85 86 50 82 87 99
10 11 45 25 3 92
74 75 46 83 40 94
56 57 19 28 52 69
41 42 22 23 73 54
18 19 44 15 72 9
45 46 44 42 24 15
48 49 31 7 24 78
2 3 48 12 3 91
9 10 22 30 20 73
81 82 7 36 35 13
34 35 49 90 96 44
52 53 23 17 58 19
21 22 32 92 80 89
43 44 36 36 73 57
11 12 17 98 50 89
16 17 15 13 13 6
69 70 34 13 66 3
66 67 34 77 15 17
26 27 56 68 4 16
38 39 3 59 55 7
53 48 28 48
10 11 54 43 17 98
26 27 43 15 56 10
35 36 51 46 95 8
25 26 39 58 95 6
7 8 55 64 8 18
41 42 48 88 23 63
48 49 52 97 47 23
0 1 23 55 82 47
36 37 58 68 91 85
15 16 52 76 26 64
6 7 25 69 77 63
49 50 56 47 38 32
31 32 51 45 16 33
47 48 36 36 23 20
5 6 30 17 46 57
33 34 24 14 42 62
8 9 51 38 69 16
18 19 59 57 17 40
20 21 19 84 80 63
37 38 2 49 45 4
39 40 13 24 8 90
46 47 26 65 51 55
32 33 31 59 80 41
22 23 22 61 4 76
14 15 51 46 1 96
45 46 31 16 71 9
21 22 35 68 29 85
34 35 40 81 25 72
27 28 3 62 22 78
19 20 10 40 66 27
28 29 56 62 84 3
12 13 49 18 99 30
13 14 10 99 96 57
30 31 19 14 81 54
24 25 34 66 51 10
43 44 2 21 27 55
42 43 29 25 57 28
44 45 21 39 70 57
23 24 21 2 86 58
29 30 38 41 25 74
50 51 49 20 48 36
16 17 46 58 62 67
51 52 22 35 63 95
4 5 1 24 74 80
2 3 29 72 12 58
3 4 13 35 3 36
38 39 45 96 33 34
1 2 27 57 52 54
10 4 4 5
0 1 30 15 24 89
1 2 18 17 57 66
6 7 12 89 65 61
4 5 17 38 80 76
45 34 8 44
40 41 29 21 58 54
1 2 13 98 38 45
21 22 51 29 92 22
4 5 7 89 100 63
25 26 21 3 100 17
24 25 10 60 8 61
3 4 0 53 88 54
28 29 29 16 27 8
0 1 27 16 65 92
41 42 55 21 83 10
23 24 46 75 56 61
2 3 5 49 16 92
6 7 19 40 26 78
31 32 29 24 70 1
17 18 35 74 53 86
35 36 55 55 95 81
19 20 49 37 20 25
20 21 34 55 75 70
11 12 37 75 82 5
27 28 1 31 64 2
33 34 28 54 78 83
32 33 13 9 43 31
12 13 41 98 93 32
34 35 32 85 49 34
13 14 43 40 58 33
26 27 2 61 37 9
22 23 41 91 37 41
38 39 3 89 66 22
5 6 46 74 38 74
30 31 11 48 88 47
14 15 32 45 99 52
39 40 27 99 14 51
29 30 43 19 50 96
15 16 13 91 68 13
43 42 7 33
12 13 3 37 91 66
38 39 47 83 16 66
5 6 5 60 67 80
26 27 44 37 72 91
18 19 29 43 96 42
2 3 22 16 4 85
11 12 13 27 48 69
0 1 22 72 53 0
22 23 15 15 27 99
28 29 44 97 93 34
9 10 27 77 3 34
23 24 12 66 27 1
10 11 41 35 46 66
41 42 41 5 85 41
15 16 19 89 60 9
25 26 26 42 99 47
30 31 5 36 22 54
24 25 38 47 75 30
21 22 35 55 19 99
4 5 52 79 53 96
13 14 5 15 94 13
19 20 14 85 88 48
40 41 22 58 39 39
6 7 47 30 9 8
33 34 56 7 55 58
16 17 11 24 66 86
20 21 30 42 76 97
17 18 32 67 32 34
31 32 8 87 13 42
32 33 30 76 9 56
39 40 18 88 49 74
34 35 31 63 46 70
3 4 13 3 50 68
29 30 46 44 74 96
36 37 19 40 15 55
7 8 39 18 42 42
27 28 37 48 34 88
1 2 21 91 45 86
8 9 4 41 14 23
35 36 7 23 97 42
14 15 24 92 38 57
37 38 2 14 57 52
25 23 3 15
15 16 58 40 30 11
20 21 7 94 53 65
17 18 2 35 16 94
13 14 21 83 28 86
3 4 27 63 90 98
22 23 43 78 57 88
19 20 28 77 38 89
8 9 30 26 62 49
9 10 30 9 5 38
4 5 14 43 42 10
12 13 5 75 99 49
16 17 59 4 84 1
21 22 59 43 64 43
2 3 51 4 25 58
23 24 16 30 78 86
6 7 5 98 15 38
18 19 41 18 78 55
7 8 36 75 16 92
0 1 4 14 80 99
1 2 2 15 95 43
10 11 13 39 57 54
14 15 9 77 12 56
5 6 39 82 54 29
14 11 3 10
9 10 55 74 12 63
8 9 1 48 80 30
2 3 55 49 96 31
10 11 57 91 3 27
6 7 2 62 72 73
0 1 10 82 95 65
12 13 50 81 1 46
4 5 28 60 11 79
11 12 26 30 79 73
5 6 29 49 53 73
3 4 55 79 83 55
86 61 1 61
20 21 5 42 28 88
82 83 52 63 13 64
24 25 8 17 31 94
18 19 25 98 83 65
34 35 53 72 39 6
84 85 26 53 18 4
41 42 52 75 15 42
70 71 43 91 100 1
40 41 6 75 32 75
9 10 28 47 74 30
39 40 4 19 82 84
5 6 40 49 84 36
68 69 48 48 54 80
8 9 59 12 17 73
36 37 59 15 42 35
7 8 15 29 39 48
11 12 18 77 49 0
47 48 31 24 8 37
83 84 57 19 91 55
58 59 7 73 73 23
65 66 24 15 99 75
14 15 20 2 9 69
42 43 44 21 64 37
6 7 49 91 52 19
16 17 52 60 28 99
64 65 46 58 25 72
12 13 53 83 70 97
74 75 29 65 21 97
76 77 39 30 26 31
55 56 4 99 72 91
17 18 46 37 96 83
49 50 0 13 52 79
46 47 24 11 29 9
72 73 56 47 81 57
59 60 8 65 23 57
51 52 31 90 73 77
1 2 47 64 49 97
19 20 25 41 73 78
2 3 0 86 95 18
3 4 38 27 29 48
67 68 52 58 43 38
10 11 45 21 78 32
61 62 16 21 78 46
44 45 12 96 27 92
81 82 24 36 18 83
62 63 50 7 19 34
23 24 30 25 8 44
71 72 32 8 70 42
15 16 32 74 99 22
37 38 16 100 86 81
77 78 41 40 44 100
25 26 35 87 73 65
38 39 6 8 42 0
80 81 8 1 10 94
30 31 0 63 94 37
45 46 14 79 85 73
27 28 38 3 19 83
29 30 20 98 22 93
0 1 10 68 35 98
35 36 4 59 92 77
22 23 27 83 20 29
65 62 7 56
61 62 33 41 51 35
4 5 25 13 68 58
52 53 54 95 11 19
50 51 41 30 38 90
11 12 11 37 66 65
12 13 58 29 24 22
56 57 8 20 66 34
18 19 46 89 47 64
41 42 4 40 8 12
54 55 53 86 14 0
5 6 7 4 39 9
9 10 0 90 53 58
26 27 22 63 31 29
6 7 21 84 32 97
42 43 13 55 91 60
63 64 47 38 39 12
38 39 23 66 52 83
14 15 57 58 44 26
40 41 28 60 61 2
7 8 31 10 100 94
16 17 28 14 28 95
35 36 3 66 27 49
13 14 7 56 72 24
43 44 33 71 16 18
48 49 25 2 60 37
10 11 35 32 58 6
25 26 47 92 20 69
46 47 16 25 64 56
15 16 7 18 50 18
19 20 11 37 59 72
23 24 19 78 13 37
59 60 18 63 77 45
53 54 52 42 61 33
20 21 35 3 5 25
22 23 28 25 8 31
2 3 26 28 45 83
37 38 45 80 29 31
30 31 14 54 46 25
39 40 36 61 7 53
17 18 27 4 41 53
24 25 12 35 92 94
21 22 42 40 96 100
32 33 58 96 2 58
1 2 33 97 2 17
8 9 43 49 43 36
33 34 1 38 29 94
51 52 47 3 61 33
28 29 17 76 58 21
62 63 29 67 86 56
47 48 15 62 39 44
58 59 14 22 26 25
27 28 6 63 58 93
3 4 45 5 38 75
29 30 28 49 27 22
36 37 56 36 79 16
55 56 10 56 49 56
34 35 25 36 57 22
31 32 15 92 5 82
44 45 58 48 79 43
57 58 37 19 38 97
0 1 59 28 86 16
60 61 49 62 99 54
36 29 5 7
14 15 37 34 71 40
29 30 53 92 57 44
12 13 41 29 38 60
11 12 17 44 61 13
10 11 34 2 29 3
23 24 25 100 81 91
18 19 33 81 41 96
13 14 11 74 33 78
2 3 17 71 69 30
19 20 5 37 96 63
22 23 59 48 83 6
30 31 25 18 25 12
21 22 15 6 57 97
33 34 52 19 78 53
0 1 40 84 90 93
6 7 18 22 61 96
3 4 17 22 32 17
28 29 30 87 88 64
31 32 50 35 65 89
8 9 3 2 3 39
34 35 38 60 56 91
24 25 27 13 94 26
5 6 58 8 79 98
16 17 6 61 29 18
27 28 21 64 70 64
7 8 37 21 12 61
4 5 11 75 82 60
9 10 59 40 39 0
1 2 49 12 43 17
78 76 1 58
74 75 46 50 48 34
45 46 40 98 82 98
33 34 30 7 99 20
20 21 19 37 40 96
53 54 11 52 19 77
67 68 21 70 93 81
58 59 3 100 57 5
37 38 2 60 4 56
72 73 13 71 27 56
61 62 36 85 20 22
34 35 44 42 98 85
38 39 36 54 43 12
28 29 30 16 66 18
0 1 1 53 86 20
5 6 10 16 69 94
7 8 23 60 96 93
23 24 57 42 15 40
6 7 48 96 76 28
76 77 34 1 8 75
43 44 45 28 84 28
48 49 30 15 52 46
49 50 15 15 36 91
1 2 56 24 39 18
8 9 50 19 44 44
42 43 48 67 93 58
47 48 6 67 59 55
63 64 34 53 38 79
26 27 11 21 36 0
50 51 24 59 59 85
16 17 7 77 74 4
14 15 53 43 73 90
15 16 7 75 70 2
68 69 13 4 66 53
75 76 16 94 24 75
70 71 14 87 47 87
4 5 47 94 88 31
22 23 16 94 34 1
36 37 23 46 3 26
60 61 12 15 18 51
27 28 48 60 41 79
66 67 31 46 11 81
51 52 26 63 50 25
2 3 53 49 22 38
55 56 43 85 45 22
46 47 49 8 43 50
9 10 55 84 100 44
3 4 47 98 78 18
59 60 24 35 97 31
56 57 44 12 52 24
21 22 44 60 99 61
57 58 56 54 76 33
73 74 36 56 27 42
65 66 44 39 70 85
69 70 38 47 6 95
41 42 51 61 95 80
25 26 48 63 94 16
64 65 18 15 89 73
11 12 20 91 77 99
40 41 32 4 9 9
52 53 46 99 19 49
29 30 18 92 12 36
19 20 49 54 91 8
10 11 49 75 52 41
12 13 40 50 52 61
24 25 7 68 72 97
39 40 54 99 29 9
32 33 43 82 30 34
31 32 50 27 19 53
44 45 0 8 25 89
71 72 18 97 46 72
18 19 5 51 8 71
35 36 54 84 58 33
17 18 58 8 78 44
54 55 34 71 95 45
13 14 57 21 43 22
30 31 39 63 88 88
70 40 16 68
31 32 10 28 69 93
64 65 28 3 39 2
41 42 38 93 14 91
9 10 1 16 80 90
19 20 58 93 91 42
40 41 41 45 98 56
46 47 41 25 65 49
11 12 44 20 14 67
22 23 5 35 75 37
39 40 57 12 49 28
15 16 29 33 36 88
12 13 9 16 35 11
54 55 6 30 52 18
7 8 45 82 74 100
27 28 59 11 59 50
20 21 47 1 65 60
44 45 18 61 56 100
21 22 4 14 36 36
49 50 13 67 73 49
10 11 28 8 20 9
45 46 41 45 70 96
25 26 13 11 48 90
16 17 5 75 63 83
0 1 31 64 40 13
37 38 8 81 17 99
1 2 22 3 23 81
18 19 24 19 84 39
65 66 25 8 73 73
29 30 1 76 14 12
63 64 20 28 20 55
32 33 13 40 61 47
50 51 12 7 47 76
53 54 46 87 96 93
62 63 1 10 33 30
35 36 7 77 24 96
43 44 59 24 63 16
48 49 37 28 99 52
58 59 0 14 75 77
47 48 54 22 63 47
14 15 38 94 67 22
98 87 18 54
79 80 19 65 58 10
67 68 7 44 99 73
52 53 13 87 58 23
35 36 56 9 80 54
47 48 6 86 30 86
49 50 32 50 20 37
0 1 4 74 63 80
9 10 47 43 87 85
62 63 44 1 10 1
32 33 21 91 31 12
69 70 56 10 21 68
73 74 39 15 36 32
66 67 36 25 79 11
28 29 49 13 37 84
70 71 33 93 74 89
2 3 27 13 50 6
86 87 8 12 18 2
92 93 36 20 56 32
51 52 45 6 19 49
58 59 42 3 14 22
18 19 1 47 84 83
36 37 20 18 94 45
17 18 31 69 14 28
85 86 14 1 96 13
23 24 23 53 77 87
8 9 51 91 65 94
87 88 29 50 86 11
3 4 35 13 28 10
41 42 0 3 74 60
27 28 5 81 20 60
34 35 1 97 57 100
55 56 34 68 93 85
29 30 49 22 68 13
14 15 40 78 82 70
10 11 11 86 96 25
77 78 49 93 38 35
26 27 32 64 28 89
72 73 8 42 44 45
89 90 42 100 45 96
60 61 42 17 90 98
90 91 32 18 81 33
56 57 27 40 87 16
88 89 31 71 34 65
64 65 5 54 45 44
74 75 19 59 30 86
76 77 48 24 11 89
94 95 23 44 83 30
80 81 38 34 49 91
83 84 31 63 66 64
11 12 4 22 70 87
24 25 55 17 78 93
19 20 40 72 54 26
44 45 51 3 71 23
30 31 14 59 33 92
13 14 36 96 33 46
39 40 42 12 83 81
84 85 11 95 56 20
63 64 8 56 29 42
68 69 27 68 9 59
6 7 50 26 54 67
20 21 59 70 2 57
33 34 6 41 88 97
21 22 54 68 34 56
12 13 55 6 21 13
40 41 40 71 46 13
15 16 54 53 15 11
61 62 31 62 51 2
53 54 41 92 76 47
48 49 39 35 47 12
37 38 26 99 73 49
81 82 42 15 28 25
82 83 14 23 97 4
93 94 13 55 4 6
71 72 45 89 85 25
22 23 14 12 64 62
95 96 32 23 47 98
5 6 57 58 12 45
96 97 1 69 32 74
91 92 4 62 66 47
25 26 3 90 18 46
43 44 40 32 46 7
54 55 32 58 40 25
50 51 3 8 39 19
42 43 2 81 9 62
1 2 12 91 68 81
57 58 40 66 77 56
16 17 56 12 94 28
95 50 45 90
93 94 56 36 50 15
71 72 26 40 81 3
6 7 1 77 51 85
27 28 19 86 33 66
25 26 51 29 14 23
81 82 34 32 13 84
29 30 50 26 43 91
88 89 33 70 23 61
34 35 14 29 1 9
92 93 44 43 42 66
61 62 18 96 78 0
75 76 48 14 42 6
64 65 27 72 2 88
57 58 12 93 40 53
1 2 27 59 42 97
76 77 50 82 56 0
24 25 25 84 99 33
44 45 8 13 52 51
35 36 48 89 32 18
5 6 26 33 10 26
54 55 14 87 48 35
39 40 31 74 95 0
40 41 41 23 62 63
10 11 58 7 97 19
80 81 15 32 3 42
90 91 51 57 19 92
37 38 49 84 96 36
43 44 48 70 9 88
50 51 59 74 10 27
42 43 37 39 29 35
85 86 7 79 61 52
68 69 4 29 45 58
18 19 41 34 8 71
19 20 40 14 54 41
32 33 35 26 45 59
45 46 16 75 20 77
26 27 37 86 93 19
79 80 56 18 43 65
15 16 28 73 34 10
16 17 29 82 14 61
51 52 29 57 40 11
11 12 48 8 37 97
30 31 26 13 58 19
55 56 47 62 51 58
65 66 34 96 69 43
13 14 22 49 42 92
36 37 53 66 39 18
82 83 28 68 100 42
62 63 21 84 31 66
59 60 7 43 71 39
68 37 0 16
3 4 52 97 98 87
58 59 33 75 6 92
9 10 19 74 49 75
41 42 25 17 36 30
54 55 36 36 80 93
65 66 13 86 45 22
45 46 15 6 59 42
6 7 16 11 81 37
0 1 25 51 55 74
17 18 49 47 89 21
25 26 39 13 89 74
44 45 51 93 38 63
63 64 45 90 36 73
31 32 21 40 50 91
51 52 57 76 95 2
2 3 30 17 13 15
36 37 58 62 14 31
62 63 18 28 3 3
30 31 49 84 60 53
20 21 54 19 10 25
22 23 26 14 96 49
29 30 18 79 29 48
61 62 11 10 30 45
56 57 2 78 87 69
21 22 34 48 50 40
60 61 50 22 28 83
33 34 47 27 23 92
55 56 25 51 70 67
38 39 49 2 73 15
19 20 19 35 50 84
47 48 33 48 32 88
42 43 12 64 46 55
59 60 20 88 75 92
27 28 18 83 80 94
64 65 41 44 55 15
57 58 23 25 47 38
24 25 34 92 98 30
12 8 1 11
0 1 33 27 56 79
2 3 17 33 32 45
1 2 48 37 89 44
4 5 45 68 41 48
7 8 5 49 64 87
6 7 58 33 96 63
5 6 31 85 59 34
3 4 13 21 22 58
52 39 8 31
2 3 46 77 50 88
35 36 58 6 23 78
11 12 1 63 16 10
17 18 18 13 6 40
0 1 17 37 86 11
22 23 18 86 67 74
14 15 30 78 80 4
49 50 11 15 78 70
10 11 32 60 26 63
12 13 47 32 69 23
31 32 51 3 12 16
37 38 52 58 38 90
38 39 6 97 73 29
25 26 24 17 30 43
29 30 51 46 28 93
13 14 49 97 99 8
16 17 42 19 40 29
20 21 34 22 54 50
40 41 47 49 96 33
47 48 10 27 19 80
39 40 34 87 36 1
34 35 36 36 9 24
26 27 6 12 87 32
19 20 40 24 88 40
3 4 40 22 43 61
32 33 24 21 86 38
23 24 44 37 3 76
1 2 21 29 54 49
24 25 52 11 63 12
43 44 45 11 83 83
30 31 1 5 49 78
21 22 39 53 68 86
7 8 44 35 52 89
5 6 9 62 35 97
48 49 25 81 72 76
42 43 20 19 98 33
28 29 25 50 43 64
41 42 58 72 80 22
50 51 4 90 95 77
70 61 42 45
44 45 52 77 45 7
57 58 10 78 76 1
0 1 41 25 40 19
25 26 2 71 43 21
27 28 31 21 97 82
18 19 29 34 59 93
46 47 21 6 3 24
53 54 54 12 91 44
35 36 19 34 70 22
49 50 4 14 24 5
30 31 56 88 41 76
45 46 41 62 4 58
24 25 27 43 54 40
52 53 3 64 44 15
31 32 30 23 51 18
64 65 15 71 98 30
4 5 32 53 17 100
58 59 44 34 60 4
5 6 27 61 57 0
38 39 41 45 97 3
29 30 22 13 54 76
50 51 44 42 29 54
54 55 44 4 80 26
42 43 59 65 83 5
26 27 2 87 83 59
34 35 49 35 6 87
41 42 55 38 29 5
65 66 19 99 48 76
68 69 54 60 74 95
56 57 52 55 45 58
11 12 1 66 56 100
36 37 44 75 53 8
48 49 7 63 17 0
63 64 13 48 46 27
55 56 2 54 10 16
61 62 26 2 100 45
16 17 6 57 77 99
51 52 18 75 42 27
39 40 49 63 84 73
19 20 56 58 67 68
12 13 41 30 34 90
20 21 7 54 93 74
32 33 54 45 83 29
33 34 47 7 15 14
28 29 59 46 82 95
21 22 48 29 34 43
23 24 49 99 12 43
67 68 58 47 23 43
40 41 35 59 48 48
3 4 39 5 82 39
15 16 17 96 58 20
7 8 15 48 83 58
17 18 40 78 33 75
37 38 13 60 46 92
59 60 10 65 39 72
60 61 29 13 85 91
62 63 8 35 46 62
6 7 17 50 75 92
8 9 25 44 37 74
2 3 43 65 34 5
14 15 41 25 93 58
44 32 27 28
20 21 9 75 11 58
22 23 10 23 88 48
23 24 24 64 72 6
32 33 55 38 81 42
29 30 57 63 4 59
19 20 47 3 1 88
33 34 42 33 68 39
42 43 47 44 63 23
30 31 31 38 27 44
26 27 11 17 28 11
24 25 18 34 28 93
21 22 44 31 68 90
0 1 58 27 7 55
37 38 29 82 51 67
3 4 55 54 89 12
15 16 59 35 27 67
12 13 20 49 100 1
41 42 26 16 63 33
25 26 26 92 95 56
2 3 9 11 99 47
38 39 49 30 34 85
34 35 46 70 51 58
39 40 53 45 89 98
9 10 34 9 14 81
18 19 42 94 82 28
6 7 4 10 59 95
28 29 6 19 36 20
31 32 27 12 32 19
8 9 45 61 56 62
14 15 53 30 41 5
17 18 37 59 26 22
40 41 12 38 28 75
35 33 4 23
16 17 28 72 44 5
23 24 11 91 97 0
32 33 31 31 7 92
24 25 29 37 40 41
30 31 41 76 8 94
14 15 27 41 63 23
20 21 36 63 91 72
9 10 48 12 28 37
3 4 23 43 89 61
12 13 2 20 69 66
31 32 29 98 58 95
5 6 26 85 4 17
22 23 40 73 21 54
15 16 1 9 12 69
18 19 50 39 27 51
21 22 42 42 100 61
7 8 24 58 65 77
19 20 30 96 60 35
0 1 10 86 89 92
26 27 39 7 54 64
33 34 12 21 80 12
10 11 55 33 50 11
2 3 9 35 58 80
4 5 36 70 88 22
8 9 19 68 92 23
11 12 43 80 90 93
29 30 25 86 61 73
28 29 10 42 38 17
6 7 0 65 94 31
1 2 16 18 26 83
13 14 49 73 29 73
17 18 57 9 42 73
25 26 19 12 2 86
51 39 29 49
18 19 36 40 65 19
48 49 51 93 55 99
22 23 40 45 30 84
8 9 47 91 55 43
28 29 29 14 71 24
29 30 38 94 62 66
39 40 19 7 78 36
2 3 29 72 91 34
35 36 22 55 28 58
36 37 32 8 84 87
49 50 42 56 12 69
26 27 31 74 16 50
20 21 10 22 54 7
47 48 0 86 27 88
25 26 42 22 52 30
43 44 51 61 17 85
13 14 19 14 89 82
41 42 25 64 60 76
1 2 16 14 74 62
44 45 35 34 71 70
27 28 49 12 33 61
30 31 43 12 61 43
0 1 6 44 75 83
34 35 18 59 97 5
11 12 53 18 79 40
46 47 20 7 47 62
40 41 28 81 47 99
37 38 55 14 70 68
16 17 54 93 17 11
38 39 14 27 29 4
6 7 6 40 68 81
17 18 49 71 24 16
21 22 56 91 75 87
33 34 24 94 76 4
23 24 35 24 76 81
9 10 52 79 42 23
31 32 6 100 4 37
32 33 41 20 6 66
19 20 2 32 95 53
89 79 43 82
39 40 2 98 56 10
8 9 32 31 39 65
14 15 54 65 75 24
69 70 20 10 59 83
74 75 50 62 33 33
84 85 19 29 96 10
9 10 36 66 80 100
70 71 13 70 2 3
16 17 1 83 98 86
11 12 14 34 83 65
20 21 20 99 98 32
34 35 35 48 49 90
33 34 21 74 76 10
56 57 38 11 36 37
72 73 20 60 25 81
55 56 35 11 96 82
36 37 27 43 19 16
80 81 41 63 93 72
6 7 46 61 63 35
57 58 56 93 88 57
78 79 58 47 24 13
7 8 9 87 82 5
3 4 13 29 44 12
40 41 30 37 56 82
85 86 38 53 12 95
32 33 26 27 99 0
28 29 24 4 68 71
65 66 15 84 66 2
54 55 51 93 39 43
35 36 58 74 57 49
18 19 0 14 23 81
21 22 11 67 60 22
60 61 7 62 69 51
24 25 21 74 12 74
44 45 18 9 45 22
23 24 21 27 44 0
63 64 35 30 60 9
53 54 37 22 51 11
45 46 0 52 89 75
43 44 16 97 29 93
48 49 56 84 23 89
17 18 33 55 23 69
67 68 4 82 3 61
38 39 25 11 35 45
81 82 36 40 59 79
77 78 14 3 62 77
29 30 57 17 82 74
52 53 53 43 53 49
58 59 51 92 26 34
37 38 33 3 13 41
41 42 57 46 46 80
75 76 31 69 72 52
19 20 12 62 78 100
25 26 2 71 2 34
61 62 29 28 20 71
64 65 7 15 56 83
73 74 56 32 16 100
1 2 34 70 59 72
42 43 46 13 78 100
5 6 41 69 38 7
30 31 38 47 15 30
0 1 41 11 56 86
2 3 47 31 95 41
71 72 0 53 79 4
4 5 30 100 3 13
51 52 48 63 51 31
62 63 49 48 1 47
10 11 44 15 96 55
47 48 3 9 65 62
50 51 13 5 40 95
83 84 27 78 23 3
26 27 59 17 98 82
76 77 14 41 78 89
66 67 41 30 8 100
68 69 23 37 39 13
31 32 12 90 98 95
82 83 11 93 8 16
59 60 20 23 7 74
22 23 44 18 91 82
31 16 0 9
12 13 22 1 44 15
28 29 57 19 10 82
27 28 25 43 3 24
15 16 12 68 1 19
23 24 52 46 55 84
19 20 19 41 80 98
7 8 50 48 76 98
11 12 47 14 64 72
4 5 11 27 37 67
16 17 39 38 7 59
26 27 13 4 35 42
9 10 44 44 63 88
0 1 35 46 77 95
29 30 57 24 59 65
18 19 3 29 1 62
21 22 23 14 2 29
51 49 49 50
41 42 0 47 51 17
35 36 18 68 79 16
20 21 52 94 72 16
47 48 38 15 43 49
8 9 23 47 89 70
17 18 56 16 43 29
49 50 30 48 94 80
28 29 57 3 6 57
43 44 17 77 38 16
32 33 35 48 42 1
19 20 4 66 12 52
4 5 41 4 86 8
21 22 7 34 100 53
14 15 35 59 37 2
40 41 13 69 44 6
10 11 44 94 87 9
46 47 23 37 60 55
0 1 25 55 23 83
25 26 0 95 59 44
30 31 7 24 65 83
5 6 59 52 38 30
37 38 54 78 98 53
12 13 28 36 9 88
9 10 26 62 83 98
42 43 32 57 96 22
45 46 31 96 45 71
26 27 33 10 7 60
23 24 11 76 98 44
36 37 20 63 5 34
16 17 57 64 13 26
1 2 31 20 25 93
13 14 32 65 6 48
48 49 24 36 94 11
31 32 17 90 22 91
44 45 52 92 44 80
29 30 41 43 38 52
27 28 4 8 89 96
6 7 29 98 43 48
34 35 29 3 3 24
22 23 39 26 85 68
2 3 27 90 69 35
11 12 30 89 85 29
33 34 11 80 61 33
7 8 22 28 44 3
39 40 36 82 7 7
24 25 18 30 21 56
18 19 45 87 57 28
38 39 30 2 40 75
15 16 58 91 61 91
86 77 36 48
38 39 58 85 20 15
30 31 21 90 97 10
42 43 55 12 30 81
75 76 59 47 16 80
12 13 15 44 69 48
21 22 40 95 96 49
37 38 56 48 15 32
27 28 9 2 60 15
78 79 9 56 54 23
1 2 13 58 55 16
46 47 54 36 71 63
11 12 27 88 1 27
40 41 48 96 98 37
28 29 39 34 56 29
5 6 53 30 44 62
45 46 28 73 7 64
55 56 43 84 98 90
72 73 32 45 74 59
83 84 14 66 95 66
58 59 47 44 24 59
63 64 42 99 2 99
26 27 22 51 83 54
74 75 56 66 36 33
22 23 30 45 23 71
6 7 3 17 97 43
77 78 48 28 13 41
15 16 36 63 99 10
13 14 3 41 74 22
47 48 50 54 62 66
51 52 14 86 62 66
36 37 45 22 46 15
0 1 38 65 44 1
34 35 36 31 19 90
71 72 51 17 25 32
44 45 57 53 57 38
48 49 26 85 85 87
68 69 50 13 95 26
29 30 25 97 80 60
57 58 4 14 26 85
33 34 56 3 16 92
18 19 26 95 94 28
54 55 44 93 80 45
17 18 10 72 62 50
50 51 33 91 88 29
60 61 47 15 15 34
31 32 13 34 24 49
4 5 56 56 54 96
24 25 37 32 39 31
73 74 33 55 3 27
41 42 5 4 48 15
3 4 50 77 11 8
39 40 59 82 2 47
10 11 27 40 59 80
53 54 4 88 46 39
35 36 56 88 45 51
66 67 42 7 22 83
80 81 17 92 18 34
7 8 52 85 9 94
65 66 6 94 79 65
76 77 55 8 65 51
49 50 24 20 76 34
62 63 0 13 68 32
69 70 31 80 51 94
82 83 18 27 10 94
67 68 28 66 51 34
84 85 57 85 89 13
59 60 20 95 41 76
64 65 34 92 39 31
19 20 42 39 75 19
52 53 59 51 60 27
56 57 18 42 51 22
61 62 40 35 93 22
2 3 37 86 15 28
8 9 22 50 41 91
20 21 8 6 85 17
9 10 10 87 34 61
14 15 42 94 14 60
81 60 0 62
69 70 21 3 32 4
7 8 10 24 86 55
59 60 50 79 33 88
35 36 42 13 27 64
24 25 51 41 13 72
73 74 19 49 40 63
39 40 0 38 73 76
55 56 27 82 44 38
15 16 42 75 93 75
67 68 8 38 23 37
47 48 16 67 76 41
48 49 59 41 64 83
32 33 28 51 85 44
6 7 34 81 69 72
60 61 8 15 37 62
21 22 12 47 33 5
79 80 9 36 46 59
20 21 42 38 18 97
52 53 6 22 4 41
68 69 16 72 73 8
63 64 36 85 4 25
17 18 49 6 11 59
18 19 9 97 66 55
37 38 36 19 49 97
4 5 36 35 56 89
38 39 53 45 80 53
23 24 54 45 30 30
34 35 9 75 56 72
70 71 15 24 4 65
44 45 48 2 86 26
30 31 14 86 6 23
11 12 52 36 16 16
78 79 30 9 76 1
58 59 28 64 27 25
53 54 43 82 31 30
12 13 40 77 2 42
65 66 55 34 4 94
13 14 37 41 78 61
56 57 32 5 86 61
62 63 1 57 84 75
31 32 18 39 92 84
74 75 2 10 87 74
25 26 33 57 49 57
50 51 35 51 87 80
61 62 37 16 82 95
33 34 9 8 36 53
2 3 41 13 84 30
36 37 11 51 94 23
71 72 1 19 4 32
3 4 49 88 40 96
5 6 56 1 12 21
16 17 45 93 7 91
28 29 3 79 56 61
45 46 30 71 89 77
40 41 57 74 88 92
64 65 1 91 75 94
66 67 33 3 70 8
14 15 6 34 95 97
26 27 55 12 78 12
49 50 31 41 2 97
71 54 44 63
23 24 29 59 10 33
35 36 12 53 36 42
58 59 9 87 47 50
3 4 53 87 83 8
46 47 22 33 25 73
52 53 14 62 94 82
42 43 15 83 4 11
12 13 15 67 88 17
56 57 20 94 62 21
50 51 41 58 46 6
21 22 59 79 70 33
45 46 45 39 97 62
20 21 3 11 79 53
61 62 10 51 42 46
41 42 29 33 2 83
5 6 59 68 89 46
32 33 45 78 92 95
4 5 24 67 49 14
13 14 30 31 67 48
40 41 12 82 89 17
14 15 36 51 56 24
34 35 39 86 94 85
28 29 56 89 58 18
33 34 7 29 19 13
65 66 33 20 14 0
60 61 3 79 75 48
38 39 15 75 63 79
69 70 24 19 95 38
63 64 9 30 53 50
31 32 10 99 55 7
66 67 56 46 19 4
68 69 59 71 2 98
15 16 22 23 76 62
36 37 24 84 5 100
6 7 29 73 90 19
1 2 27 14 24 95
44 45 22 62 22 43
37 38 48 39 100 74
26 27 0 82 32 30
48 49 55 54 89 53
51 52 29 64 74 62
22 23 17 77 68 79
29 30 3 96 92 38
18 19 35 67 42 29
67 68 11 86 97 84
8 9 31 89 5 72
25 26 16 81 91 19
17 18 24 5 86 96
2 3 46 54 37 55
11 12 14 46 41 79
53 54 14 48 1 41
43 44 38 49 62 64
0 1 28 27 64 75
39 40 45 11 52 53
21 19 0 13
6 7 5 92 57 63
3 4 18 42 88 95
4 5 50 2 73 45
13 14 20 78 19 82
5 6 15 26 78 64
18 19 32 58 87 16
9 10 23 42 48 38
10 11 44 17 65 3
7 8 42 63 33 15
15 16 25 63 52 80
8 9 21 95 3 8
0 1 26 34 28 6
12 13 32 12 58 72
16 17 57 91 69 24
17 18 23 87 35 24
11 12 14 76 68 16
19 20 16 95 13 46
2 3 4 46 20 82
1 2 23 53 29 64
92 76 77 83
3 4 23 100 93 3
63 64 39 75 89 23
83 84 43 21 87 26
64 65 48 70 44 95
44 45 44 94 68 78
5 6 40 80 96 97
62 63 24 32 55 56
10 11 22 7 18 34
17 18 51 33 23 55
14 15 16 61 33 14
81 82 2 9 52 64
4 5 47 87 83 38
76 77 15 77 76 76
67 68 18 39 57 51
87 88 24 86 99 44
49 50 1 93 4 12
51 52 0 83 5 73
77 78 15 9 88 47
57 58 55 91 25 62
27 28 14 76 33 68
32 33 59 15 39 46
23 24 14 38 54 84
59 60 38 54 84 88
39 40 3 95 1 35
37 38 44 78 16 97
69 70 7 17 12 82
70 71 45 8 2 65
1 2 50 37 63 72
68 69 45 27 17 87
88 89 41 91 73 45
60 61 56 89 63 37
85 86 28 99 100 42
33 34 15 75 83 9
6 7 6 48 77 67
41 42 34 55 97 79
80 81 50 87 18 29
35 36 45 72 30 10
30 31 19 100 18 93
78 79 47 50 30 65
45 46 42 97 13 33
11 12 30 99 22 82
72 73 52 32 22 63
8 9 9 40 34 39
73 74 32 24 54 35
25 26 32 59 86 81
86 87 12 90 100 98
52 53 43 80 57 55
26 27 4 38 68 84
46 47 58 84 81 96
54 55 38 47 43 50
22 23 29 68 13 15
90 91 14 53 45 7
38 39 58 16 18 54
40 41 7 37 63 4
53 54 36 43 13 37
28 29 0 19 3 84
43 44 44 6 15 34
66 67 54 46 19 16
19 20 52 1 77 68
12 13 15 58 61 39
89 90 33 85 98 19
75 76 12 23 91 68
58 59 6 69 21 2
9 10 12 98 93 57
16 17 19 11 75 74
61 62 32 37 76 3
56 57 37 61 71 84
0 1 52 60 91 72
18 19 15 80 21 71
34 35 6 81 85 54
21 22 19 11 30 4
79 80 57 44 45 77
50 51 39 13 64 32
20 21 8 12 73 78
74 75 42 87 88 87
82 83 49 17 47 48
3 2 0 1
0 1 33 95 30 93
1 2 42 35 91 62
85 78 2 12
59 60 47 63 92 55
76 77 25 87 90 30
29 30 39 50 20 30
39 40 31 28 30 54
51 52 49 63 41 61
79 80 35 55 68 34
22 23 11 40 63 34
9 10 54 60 28 47
35 36 1 80 4 88
49 50 23 73 72 79
53 54 22 90 63 100
45 46 39 28 86 19
73 74 24 26 5 44
15 16 15 84 87 60
27 28 1 37 32 12
71 72 22 85 30 41
17 18 43 17 86 4
81 82 8 41 4 40
50 51 21 39 93 89
18 19 24 96 65 99
77 78 21 90 40 40
11 12 57 7 60 57
57 58 30 69 62 72
8 9 54 78 5 19
19 20 55 36 100 54
4 5 58 57 41 95
67 68 57 58 84 59
63 64 3 78 85 43
56 57 55 36 85 36
6 7 42 33 1 94
30 31 53 1 25 39
37 38 14 87 49 30
48 49 12 36 70 11
10 11 4 45 28 96
82 83 49 80 42 66
1 2 25 83 10 39
60 61 21 16 78 41
21 22 52 73 28 83
75 76 58 92 39 83
43 44 19 95 31 63
38 39 30 66 15 44
44 45 28 30 49 33
28 29 6 86 75 18
64 65 46 73 31 12
34 35 27 1 12 9
36 37 51 84 28 23
2 3 2 10 51 2
20 21 58 98 68 65
0 1 30 36 81 39
70 71 57 16 30 14
72 73 0 45 82 71
66 67 15 67 25 92
58 59 28 22 75 15
55 56 41 7 100 27
5 6 30 94 20 66
14 15 15 5 41 74
69 70 57 64 18 46
40 41 54 72 96 29
33 34 52 59 73 69
32 33 0 73 36 56
83 84 29 40 71 22
80 81 1 94 94 87
65 66 58 40 64 61
47 48 17 49 8 62
52 53 32 82 46 4
23 24 19 7 71 32
31 32 48 91 93 77
41 42 51 25 41 29
54 55 9 70 50 65
68 69 16 28 47 47
25 26 20 100 92 58
74 75 45 80 11 82
16 17 25 81 28 30
7 8 47 16 62 23
62 63 58 23 72 82
26 27 29 14 18 35
61 62 37 43 79 91
3 4 26 58 69 82
87 83 19 64
79 80 43 31 45 27
80 81 11 56 17 23
2 3 7 5 11 1
16 17 38 28 31 41
12 13 37 87 73 20
11 12 11 58 45 66
22 23 37 41 79 47
77 78 47 12 46 23
71 72 32 33 54 8
29 30 57 7 88 17
66 67 36 23 47 87
39 40 14 33 7 9
67 68 7 5 30 20
56 57 2 42 79 87
7 8 59 96 31 89
57 58 43 51 66 29
58 59 48 35 46 33
20 21 35 7 70 13
17 18 31 79 10 7
41 42 40 11 47 17
70 71 13 72 50 1
69 70 38 8 85 2
50 51 31 42 12 27
24 25 22 89 38 54
85 86 26 19 31 67
81 82 24 6 75 78
68 69 41 32 63 10
61 62 12 41 83 75
6 7 2 88 52 82
1 2 15 91 43 74
53 54 46 54 39 49
38 39 26 77 6 29
4 5 28 12 39 6
63 64 33 68 7 89
18 19 17 95 53 10
84 85 5 30 29 93
52 53 9 3 87 89
3 4 45 97 91 27
30 31 45 85 85 23
42 43 5 94 13 39
15 16 33 97 96 81
19 20 24 63 57 78
0 1 28 35 43 69
26 27 49 24 1 5
46 47 36 60 71 92
34 35 28 9 75 80
8 9 6 43 15 89
54 55 15 73 89 42
65 66 26 76 66 44
62 63 23 80 84 59
27 28 38 98 60 32
47 48 27 31 41 55
72 73 12 32 65 46
76 77 37 62 21 55
21 22 45 45 63 83
45 46 33 48 9 34
36 37 52 40 66 58
37 38 49 78 99 91
64 65 55 63 22 6
9 10 17 96 27 52
32 33 18 6 86 30
5 6 28 17 64 79
43 44 26 61 100 19
44 45 30 18 69 62
73 74 38 37 22 22
48 49 13 100 71 18
74 75 6 11 84 70
10 11 26 85 4 2
40 41 58 3 89 92
55 56 51 91 58 89
83 84 34 18 50 20
23 24 42 37 57 72
25 26 19 7 82 23
13 14 23 44 37 33
60 61 37 76 35 31
49 50 40 14 69 89
35 36 51 1 99 11
33 34 48 7 88 2
75 76 18 60 30 56
78 79 4 8 61 58
14 15 1 84 13 46
82 83 34 30 7 68
51 52 16 60 32 79
16 14 7 8
10 11 3 83 4 3
14 15 39 100 34 42
4 5 6 15 36 52
12 13 39 97 45 0
8 9 53 90 84 83
13 14 17 98 66 13
2 3 2 13 1 0
5 6 57 93 13 38
1 2 6 81 67 1
7 8 26 81 22 36
6 7 48 96 16 57
9 10 9 99 92 82
11 12 29 71 82 47
3 4 32 12 1 32
48 37 2 28
10 11 23 24 33 94
18 19 7 85 8 0
22 23 39 53 38 49
5 6 9 76 12 58
25 26 55 41 33 100
42 43 1 23 77 91
31 32 45 18 42 76
11 12 40 1 73 75
8 9 28 13 49 25
43 44 34 11 51 42
9 10 53 42 30 13
23 24 10 41 89 18
46 47 51 9 17 72
29 30 20 50 71 87
35 36 16 22 46 57
6 7 43 81 64 99
0 1 59 88 85 45
13 14 55 84 31 75
32 33 24 17 96 74
39 40 16 100 74 46
24 25 26 59 60 6
16 17 43 43 73 37
21 22 14 34 11 42
30 31 39 15 9 4
19 20 47 44 7 57
2 3 19 61 100 53
33 34 36 97 82 79
27 28 21 11 5 20
1 2 1 33 91 70
4 5 2 20 25 73
12 13 44 18 81 92
15 16 23 51 22 95
40 41 7 15 49 41
20 21 18 85 47 35
44 45 25 51 80 52
37 38 0 47 54 24
26 27 41 24 76 7
77 73 43 53
9 10 53 39 55 65
64 65 1 45 82 76
70 71 39 52 84 97
60 61 45 6 97 63
12 13 18 97 40 24
21 22 42 92 34 96
68 69 1 48 34 49
61 62 59 52 40 85
40 41 23 19 97 98
23 24 29 32 30 21
32 33 22 25 58 70
74 75 52 89 54 76
5 6 37 84 24 38
39 40 6 96 56 65
44 45 1 86 50 80
24 25 40 64 92 71
37 38 9 76 60 54
54 55 28 82 60 57
10 11 0 42 38 11
29 30 54 96 27 25
34 35 45 42 21 2
14 15 45 72 17 53
33 34 27 73 29 39
58 59 53 44 82 43
20 21 46 79 47 96
3 4 10 38 98 42
57 58 36 12 77 74
51 52 4 32 14 91
18 19 9 34 26 74
25 26 24 71 9 3
6 7 18 9 9 84
59 60 8 36 34 65
4 5 26 40 19 58
11 12 36 90 50 74
0 1 19 37 39 41
13 14 1 16 30 9
31 32 5 31 25 71
8 9 21 29 22 30
38 39 28 50 51 66
50 51 59 78 89 23
1 2 0 87 16 37
27 28 54 13 86 35
42 43 49 23 23 36
53 54 42 78 37 61
7 8 30 54 12 76
75 76 44 68 68 29
30 31 13 9 77 34
55 56 29 79 2 85
35 36 29 5 7 29
26 27 57 97 38 90
52 53 17 21 6 3
63 64 1 11 26 26
71 72 30 95 94 4
2 3 34 88 100 87
15 16 14 19 70 92
67 68 43 56 92 43
73 74 22 17 3 53
49 50 56 57 80 14
19 20 33 27 22 73
41 42 4 60 40 79
43 44 41 8 74 85
22 23 15 95 69 64
47 48 20 77 74 43
72 73 51 100 73 38
28 29 34 56 92 69
46 47 40 95 29 12
62 63 9 16 81 82
56 57 44 100 79 38
16 17 2 23 46 87
45 46 52 83 3 88
36 37 27 46 68 44
17 18 28 2 45 78
69 70 40 64 14 66
56 30 12 43
32 33 57 41 18 42
9 10 45 45 31 7
15 16 24 59 86 25
25 26 15 94 17 19
51 52 20 1 58 1
2 3 48 5 3 85
33 34 41 46 53 51
53 54 57 30 90 57
30 31 59 98 2 86
39 40 32 80 22 69
13 14 37 68 31 8
31 32 11 58 35 97
0 1 15 20 32 46
5 6 15 88 63 6
43 44 20 37 67 70
1 2 27 8 20 57
35 36 59 2 84 62
27 28 9 81 20 45
7 8 25 3 66 57
20 21 29 72 17 24
18 19 28 76 25 30
37 38 48 51 69 76
29 30 1 35 52 79
50 51 0 78 17 82
10 11 34 100 45 78
22 23 1 15 65 38
28 29 57 92 68 53
47 48 40 66 93 72
36 37 45 77 54 33
48 49 49 16 90 20
27 21 23 25
6 7 11 71 81 76
18 19 35 14 19 42
20 21 57 58 49 75
5 6 12 21 79 38
22 23 13 67 7 84
9 10 49 68 42 67
10 11 9 70 50 74
7 8 13 29 41 19
8 9 7 33 24 94
4 5 15 79 81 75
12 13 50 65 40 62
19 20 10 4 77 74
1 2 28 13 4 2
3 4 22 24 76 39
14 15 32 98 96 81
24 25 31 50 10 99
2 3 22 98 94 34
17 18 36 86 77 23
13 14 21 6 33 65
21 22 36 39 98 93
11 12 32 25 88 90
58 52 4 46
7 8 8 82 28 65
34 35 38 5 62 45
38 39 27 76 88 14
8 9 39 68 39 4
10 11 11 10 24 44
1 2 53 99 57 48
14 15 12 57 10 19
39 40 42 5 48 60
24 25 42 64 74 49
33 34 42 37 80 95
6 7 14 15 8 23
32 33 34 58 78 16
41 42 51 49 80 48
51 52 31 44 23 56
21 22 47 63 81 96
56 57 39 1 65 30
19 20 5 82 74 84
31 32 11 99 17 31
42 43 48 32 27 88
2 3 22 99 55 98
11 12 2 83 47 30
30 31 17 32 58 24
43 44 50 97 28 23
20 21 35 24 32 21
29 30 11 89 97 77
16 17 11 85 99 70
50 51 49 89 78 11
46 47 49 33 67 37
40 41 16 82 81 75
15 16 31 70 56 8
37 38 17 74 11 17
12 13 6 78 57 87
25 26 16 91 83 8
26 27 23 98 74 38
23 24 49 30 7 76
49 50 58 31 26 61
35 36 4 88 63 47
52 53 20 19 13 58
0 1 26 97 36 65
47 48 27 42 2 7
5 6 33 16 22 2
4 5 45 1 76 96
36 37 59 22 9 83
44 45 28 63 50 29
54 55 29 21 5 68
9 10 23 83 46 17
3 4 23 5 34 65
17 18 14 74 51 93
55 56 23 76 58 73
22 23 54 29 58 89
13 14 45 50 39 18
45 46 17 62 81 93
78 59 5 71
9 10 14 76 64 91
44 45 51 82 40 50
52 53 7 34 60 87
68 69 10 62 27 84
11 12 39 68 31 58
45 46 38 13 12 23
17 18 48 45 87 57
59 60 30 50 21 3
3 4 12 65 76 5
14 15 30 35 52 58
62 63 32 56 83 90
23 24 4 51 50 56
37 38 38 41 19 42
25 26 32 62 33 7
70 71 19 83 82 6
75 76 5 99 46 35
12 13 57 71 25 95
33 34 17 34 62 61
53 54 12 52 65 2
5 6 24 30 70 67
49 50 12 37 28 60
34 35 6 4 96 81
29 30 24 93 53 94
57 58 48 49 24 70
43 44 47 49 35 52
30 31 0 88 12 14
0 1 21 2 39 61
38 39 39 74 16 83
4 5 29 16 82 26
1 2 19 50 13 44
20 21 40 37 6 16
74 75 21 52 88 0
46 47 30 42 51 44
8 9 25 65 35 82
7 8 56 79 62 13
2 3 22 31 72 26
48 49 46 10 16 82
16 17 2 79 6 8
56 57 39 24 37 66
72 73 48 97 74 57
55 56 29 86 87 72
65 66 35 47 71 17
22 23 41 88 42 1
51 52 11 78 10 30
40 41 7 6 18 6
42 43 30 53 89 94
10 11 45 69 87 28
36 37 13 27 57 57
47 48 41 21 72 100
67 68 37 88 100 14
71 72 49 42 48 2
39 40 14 69 65 53
19 20 26 12 37 77
13 14 57 22 44 51
35 36 54 9 58 59
27 28 1 57 41 19
41 42 4 13 68 43
31 32 7 18 71 81
50 51 40 28 65 45
98 85 17 68
76 77 29 71 72 15
88 89 39 32 53 16
51 52 17 41 49 99
84 85 10 57 21 79
37 38 33 70 16 89
15 16 4 75 54 47
67 68 56 36 93 33
39 40 22 49 72 21
41 42 45 13 43 45
42 43 5 66 44 75
30 31 33 8 63 96
9 10 19 35 25 64
47 48 2 5 5 90
71 72 18 70 90 38
34 35 43 86 74 73
68 69 5 3 9 23
31 32 23 34 3 11
1 2 3 86 97 95
58 59 41 66 41 50
38 39 11 26 52 73
57 58 43 12 65 40
95 96 53 75 99 87
11 12 13 21 57 90
61 62 20 31 11 77
83 84 50 15 47 33
94 95 16 55 1 81
92 93 20 77 90 34
46 47 37 10 31 60
32 33 46 2 56 85
0 1 49 69 73 24
21 22 55 38 18 51
73 74 11 44 20 70
66 67 6 85 8 95
79 80 43 34 90 60
96 97 0 44 26 87
52 53 54 40 17 27
59 60 32 73 52 38
69 70 26 53 38 57
62 63 42 81 78 55
19 20 10 80 85 39
16 17 19 31 99 40
5 6 21 92 21 53
24 25 53 23 8 98
26 27 22 62 17 82
70 71 42 48 1 33
2 3 8 57 5 65
82 83 13 47 41 26
93 94 25 9 32 42
53 54 33 68 47 7
25 26 10 56 48 35
22 23 20 75 69 1
4 5 5 86 46 93
87 88 56 11 76 21
35 36 49 87 31 60
7 8 37 79 62 42
90 91 44 85 91 78
14 15 26 28 44 43
10 11 44 20 96 53
63 64 8 94 26 90
29 30 29 1 12 6
33 34 59 23 93 92
74 75 16 83 58 69
55 56 24 75 92 22
78 79 54 15 42 63
23 24 2 67 69 97
6 7 0 26 7 100
40 41 28 46 75 82
20 21 55 27 88 66
72 73 55 85 25 27
44 45 0 29 26 71
27 28 35 50 36 56
13 14 4 65 94 0
80 81 43 63 20 16
49 50 54 80 83 21
81 82 15 53 23 6
12 13 18 36 57 95
50 51 43 10 33 44
86 87 51 51 68 95
56 57 46 83 77 0
36 37 19 38 84 39
43 44 54 4 74 84
45 46 18 20 32 4
91 92 22 76 80 22
85 86 30 41 56 80
75 76 48 34 20 45
50 44 17 40
48 49 35 75 10 78
29 30 43 72 90 25
17 18 31 70 12 32
13 14 26 2 65 12
30 31 53 14 47 70
0 1 14 28 87 78
46 47 42 89 96 46
4 5 49 29 60 10
47 48 7 43 97 2
42 43 37 11 1 24
16 17 59 23 93 0
12 13 57 33 67 75
9 10 16 7 78 78
44 45 9 70 29 35
40 41 25 100 41 19
34 35 58 38 87 97
41 42 42 70 19 83
21 22 29 52 5 0
28 29 23 54 66 58
18 19 19 61 45 40
27 28 55 100 99 98
33 34 3 6 47 54
20 21 24 99 88 70
24 25 57 31 11 70
35 36 22 26 14 83
6 7 49 76 16 55
15 16 50 51 5 45
25 26 5 47 54 94
22 23 52 92 8 25
38 39 45 6 54 63
1 2 8 49 99 94
10 11 25 80 5 53
11 12 58 72 55 89
19 20 9 89 28 10
3 4 24 24 23 1
45 46 7 31 68 9
7 8 5 17 9 89
39 40 4 68 96 44
31 32 47 11 12 75
2 3 31 83 74 20
32 33 37 19 84 56
5 6 25 10 48 14
37 38 1 18 1 42
26 27 10 97 29 89
27 16 7 10
15 16 26 92 14 73
13 14 17 63 17 19
24 25 41 45 31 21
18 19 21 2 97 38
7 8 32 95 13 21
1 2 46 53 79 63
0 1 5 38 23 72
4 5 3 82 58 38
10 11 29 58 68 20
20 21 42 14 47 34
11 12 32 32 81 85
22 23 29 71 78 89
8 9 35 3 5 6
9 10 14 16 59 4
16 17 11 59 64 60
19 20 5 52 27 39
79 31 2 76
3 4 18 22 59 38
1 2 3 51 97 87
64 65 13 25 35 71
76 77 21 36 35 62
56 57 15 38 25 50
15 16 7 91 75 27
52 53 38 43 71 94
48 49 33 55 9 99
2 3 50 40 42 88
61 62 56 16 96 94
65 66 4 98 27 14
7 8 5 93 15 6
35 36 40 39 41 49
30 31 50 49 72 62
14 15 0 30 56 81
16 17 37 75 4 95
77 78 56 44 24 26
33 34 38 83 82 10
20 21 4 97 61 33
63 64 5 19 17 73
28 29 2 1 95 49
19 20 3 16 68 26
23 24 43 77 92 12
51 52 42 60 52 21
67 68 17 39 56 67
13 14 4 61 22 68
58 59 6 37 68 24
46 47 11 51 89 34
21 22 2 29 84 67
10 11 41 59 82 88
11 12 46 50 55 93
100 85 56 96
61 62 1 60 63 3
31 32 36 96 10 1
72 73 43 14 60 76
64 65 12 33 38 76
67 68 12 67 13 26
16 17 2 68 63 16
66 67 0 82 55 29
49 50 19 38 77 74
24 25 38 41 34 80
13 14 43 51 74 87
14 15 18 75 94 36
85 86 57 7 64 70
4 5 45 64 56 78
35 36 22 46 70 22
90 91 4 40 56 87
38 39 17 60 71 93
9 10 28 31 35 86
37 38 55 70 43 66
62 63 40 100 1 75
94 95 40 87 88 98
77 78 22 29 24 87
83 84 45 41 69 20
0 1 47 20 12 45
55 56 0 1 86 8
74 75 13 81 50 53
56 57 23 73 60 39
51 52 24 40 88 78
98 99 5 1 54 23
29 30 25 3 17 12
63 64 45 62 1 99
59 60 42 94 56 63
84 85 23 63 21 51
5 6 19 12 94 79
36 37 9 35 65 36
75 76 33 96 39 4
71 72 59 85 68 60
50 51 55 19 45 76
65 66 31 5 11 75
91 92 27 63 77 46
82 83 24 76 1 1
17 18 26 80 88 5
78 79 53 31 12 84
7 8 41 53 28 92
46 47 45 87 69 21
33 34 24 7 79 27
44 45 44 4 95 42
19 20 31 64 55 71
87 88 51 90 60 73
70 71 26 84 31 23
95 96 21 68 96 63
12 13 36 75 29 28
30 31 1 73 27 8
27 28 22 33 60 11
52 53 21 46 71 22
23 24 44 82 73 23
15 16 59 93 52 72
79 80 1 71 2 82
26 27 11 93 39 6
80 81 33 26 47 51
48 49 10 24 35 83
20 21 12 53 94 93
47 48 16 52 85 18
58 59 3 53 36 23
41 42 21 85 59 80
21 22 21 16 66 24
22 23 22 47 44 10
40 41 14 18 14 28
11 12 43 25 68 36
1 2 23 77 8 14
6 7 2 19 70 31
43 44 17 24 8 39
10 11 54 50 31 89
57 58 7 49 7 83
3 4 17 39 90 40
81 82 36 100 61 0
92 93 43 100 45 82
45 46 29 36 23 20
8 9 38 60 90 7
39 40 29 60 69 93
34 35 24 64 63 76
73 74 5 14 72 25
88 89 33 16 9 67
97 98 22 68 25 15
76 77 54 35 21 34
18 19 8 99 79 82
100 16 11 90
49 50 7 20 40 16
45 46 36 9 32 61
96 97 33 72 56 83
39 40 19 55 9 26
5 6 39 39 75 39
87 88 23 18 23 49
51 52 23 15 79 34
62 63 59 24 20 73
98 99 55 48 10 62
88 89 43 22 9 42
2 3 1 73 5 38
3 4 49 29 1 23
18 19 43 68 71 39
73 74 10 24 85 50
58 59 43 40 24 94
77 78 32 74 92 58
100 96 0 11
95 96 25 3 53 34
13 14 27 11 67 93
32 33 44 52 83 66
63 64 59 69 34 12
60 61 59 47 15 78
80 81 24 18 64 27
97 98 30 99 61 50
81 82 8 31 20 42
33 34 25 31 5 47
51 52 14 50 82 51
48 49 49 91 9 91
14 15 12 70 42 10
17 18 5 46 23 38
93 94 40 32 72 23
68 69 24 32 40 59
4 5 9 6 91 34
6 7 12 99 11 71
66 67 59 36 3 4
88 89 17 63 83 57
11 12 40 47 71 54
65 66 44 92 79 33
44 45 32 39 90 84
30 31 54 57 45 4
61 62 21 81 46 43
76 77 51 47 97 9
42 43 36 53 7 47
89 90 42 80 49 77
21 22 2 30 82 86
52 53 19 11 60 23
75 76 12 82 80 97
43 44 56 5 56 76
39 40 41 35 85 27
79 80 40 10 55 33
96 97 34 57 1 26
1 2 19 46 82 21
47 48 31 29 65 88
25 26 36 54 94 20
19 20 19 19 88 13
53 54 20 74 58 34
70 71 23 91 17 97
22 23 57 33 81 74
28 29 15 16 36 38
2 3 46 61 28 74
40 41 5 49 73 10
9 10 35 36 81 24
46 47 2 94 60 4
78 79 40 23 63 15
85 86 34 97 86 28
23 24 13 73 56 54
54 55 42 52 14 27
8 9 26 61 18 58
72 73 12 99 49 68
94 95 10 45 60 21
27 28 34 20 49 94
73 74 13 6 16 17
87 88 14 13 44 91
45 46 55 36 18 26
82 83 20 86 94 3
26 27 50 36 50 69
18 19 9 39 86 73
36 37 10 33 4 13
0 1 36 56 59 27
77 78 13 46 71 6
50 51 3 34 63 38
74 75 42 38 48 63
59 60 15 15 46 87
29 30 59 23 13 57
86 87 16 89 35 4
98 99 57 15 17 3
7 8 15 77 25 13
31 32 52 33 21 60
83 84 25 72 88 66
69 70 38 43 60 19
24 25 14 45 10 94
58 59 23 76 71 86
56 57 17 9 80 46
37 38 25 35 39 20
92 93 27 29 5 35
12 13 21 80 98 6
55 56 14 79 76 98
38 39 38 93 59 26
57 58 14 75 21 79
20 21 8 17 29 83
62 63 7 21 66 84
91 92 15 15 95 68
5 6 15 9 68 86
34 35 0 44 77 72
49 50 44 87 17 81
67 68 42 84 42 14
35 36 54 24 45 12
71 72 40 15 26 61
90 91 49 28 17 24
16 17 38 47 6 12
41 42 45 83 89 15
64 65 38 4 5 92
15 16 2 17 67 82
100 82 0 99
23 24 6 74 77 97
58 59 10 74 51 58
61 62 21 4 60 55
47 48 26 37 27 99
30 31 21 31 7 2
75 76 3 82 99 46
97 98 2 5 47 49
24 25 29 65 22 61
2 3 20 60 43 90
71 72 52 28 12 41
74 75 53 21 26 85
11 12 26 25 82 6
0 1 45 62 8 63
81 82 32 89 62 70
59 60 32 18 46 6
64 65 29 5 28 81
9 10 24 46 41 86
76 77 13 51 86 38
43 44 36 96 37 91
8 9 8 39 49 71
90 91 36 43 82 68
78 79 53 47 71 97
72 73 55 10 60 100
96 97 50 40 73 6
35 36 14 73 54 97
95 96 17 68 21 76
94 95 2 28 69 65
12 13 3 89 37 38
57 58 59 54 42 37
89 90 2 26 23 98
40 41 38 6 53 30
63 64 3 64 72 79
53 54 37 7 88 56
27 28 7 10 12 51
41 42 2 25 38 96
80 81 20 72 81 19
69 70 2 39 71 47
26 27 16 25 8 90
68 69 41 53 58 89
51 52 37 26 82 65
85 86 23 92 99 27
52 53 27 56 59 56
48 49 2 48 35 64
62 63 16 85 85 20
20 21 3 2 32 75
16 17 3 42 14 39
5 6 9 84 90 87
6 7 49 49 87 37
79 80 10 82 5 92
7 8 23 100 29 32
82 83 38 32 43 20
4 5 47 47 56 43
21 22 43 47 87 59
83 84 44 84 61 87
28 29 12 41 3 36
50 51 34 27 39 69
3 4 29 29 62 60
70 71 22 57 36 64
15 16 9 92 74 67
88 89 22 46 81 7
39 40 43 71 18 29
17 18 58 35 27 27
32 33 4 78 16 23
49 50 28 95 44 86
14 15 35 6 61 25
60 61 48 52 37 66
92 93 45 78 29 71
38 39 58 48 16 19
84 85 30 83 45 16
18 19 28 37 76 88
46 47 47 63 62 1
1 2 9 73 26 61
42 43 12 61 13 42
37 38 45 8 48 14
25 26 47 62 86 98
87 88 9 33 25 89
77 78 47 75 34 0
65 66 15 75 54 58
13 14 45 66 67 22
93 94 29 43 95 86
22 23 37 27 21 83
44 45 12 4 92 34
100 86 0 99
38 39 20 37 71 28
18 19 56 48 7 58
33 34 6 62 76 62
17 18 22 72 84 18
23 24 26 84 100 70
45 46 34 26 23 28
12 13 27 11 64 43
2 3 21 94 86 50
29 30 20 22 100 30
53 54 34 23 85 92
51 52 53 86 95 33
71 72 8 73 58 3
70 71 20 36 59 12
42 43 9 87 65 18
28 29 9 95 32 95
92 93 18 15 74 98
76 77 37 22 57 47
44 45 53 42 45 47
80 81 19 50 86 78
89 90 18 49 68 57
91 92 23 31 95 81
26 27 42 68 74 35
97 98 13 60 13 38
93 94 17 35 45 60
50 51 26 47 48 99
16 17 1 18 83 69
72 73 19 56 73 36
85 86 2 33 57 32
65 66 49 25 93 94
25 26 42 93 17 80
36 37 10 20 94 82
74 75 38 72 7 61
88 89 19 33 73 75
82 83 6 92 60 53
1 2 13 28 81 91
46 47 52 56 93 11
31 32 3 36 74 5
95 96 2 32 6 27
8 9 59 15 71 90
60 61 4 30 20 81
43 44 27 42 47 74
79 80 43 63 74 71
59 60 31 96 49 65
77 78 5 52 55 57
73 74 48 2 27 9
94 95 21 4 31 28
7 8 16 9 36 40
47 48 11 74 76 0
20 21 58 77 97 71
55 56 35 98 56 50
62 63 44 51 18 96
64 65 47 34 21 35
83 84 47 28 70 67
34 35 12 87 33 64
48 49 8 2 25 46
90 91 13 51 34 18
6 7 57 40 94 15
32 33 4 24 90 95
21 22 50 72 19 21
41 42 19 79 88 94
40 41 3 1 66 89
15 16 55 49 25 58
84 85 42 64 45 98
69 70 45 52 21 35
3 4 34 48 66 13
98 99 35 21 31 86
37 38 53 56 71 37
30 31 38 63 25 58
67 68 37 3 79 54
11 12 43 95 61 43
54 55 4 10 71 38
86 87 51 98 45 50
19 20 3 24 32 86
61 62 37 83 81 64
75 76 56 88 9 91
35 36 2 60 8 45
58 59 5 96 18 90
24 25 15 71 16 60
39 40 8 13 26 48
63 64 10 60 6 21
87 88 35 25 85 91
78 79 46 50 42 89
13 14 53 60 83 25
0 1 1 55 53 54
14 15 50 96 56 35
68 69 59 97 11 37
