100
2 1 0 1
0 1 43 64 3 78
2 1 0 1
0 1 14 28 16 56
65 60 4 39
23 24 25 31 13 8
15 16 23 11 24 24
50 51 0 64 54 11
42 43 22 53 46 85
62 63 35 54 9 47
37 38 25 37 70 39
3 4 13 45 49 65
2 3 21 87 64 38
21 22 15 10 84 18
20 21 36 21 17 56
24 25 8 1 39 45
5 6 32 80 83 72
38 39 3 38 72 32
56 57 13 74 10 50
46 47 20 85 3 61
52 53 32 94 91 74
19 20 39 10 81 54
29 30 42 79 81 75
47 48 14 75 26 4
11 12 50 48 86 86
58 59 39 74 27 3
41 42 2 17 18 38
8 9 39 14 28 42
55 56 35 20 93 62
22 23 11 67 96 51
4 5 10 59 94 52
36 37 40 63 49 49
57 58 14 86 88 75
16 17 50 78 73 55
27 28 12 74 84 64
33 34 41 71 1 20
43 44 35 83 27 69
44 45 52 49 16 89
10 11 38 55 69 61
32 33 18 55 79 20
51 52 22 92 34 55
30 31 49 73 62 62
53 54 46 65 64 67
31 32 19 60 63 55
63 64 39 43 22 16
9 10 13 41 26 31
25 26 1 11 89 84
60 61 31 73 85 88
17 18 20 85 37 32
39 40 6 5 82 44
49 50 29 57 15 55
26 27 47 68 32 97
45 46 16 61 1 99
0 1 3 48 87 79
40 41 28 14 69 56
18 19 5 15 58 23
6 7 51 58 29 60
7 8 38 19 44 100
34 35 24 87 97 4
13 14 15 51 69 7
28 29 7 27 37 8
54 55 42 59 40 47
59 60 42 17 96 68
61 62 24 82 17 58
12 13 58 33 20 99
8 7 2 6
5 6 15 58 7 99
0 1 48 73 87 48
2 3 25 49 36 57
1 2 17 8 65 54
3 4 10 46 24 30
6 7 28 75 40 66
4 5 8 96 65 92
3 1 1 2
0 1 27 88 93 16
51 46 7 35
2 3 6 69 21 43
28 29 12 2 44 60
6 7 30 49 10 97
48 49 47 91 79 21
9 10 52 99 49 97
47 48 26 53 3 3
26 27 55 23 88 30
29 30 37 51 3 88
49 50 50 6 12 35
15 16 14 77 56 30
17 18 15 46 1 90
1 2 57 50 96 35
11 12 55 52 88 21
33 34 15 41 30 69
39 40 36 25 21 96
21 22 3 52 99 54
19 20 52 65 61 52
44 45 20 93 47 30
12 13 25 62 18 0
20 21 20 73 37 45
18 19 50 85 11 32
3 4 51 70 79 3
4 5 53 53 96 54
25 26 24 74 77 42
42 43 28 68 64 65
31 32 10 31 99 25
23 24 27 26 90 75
24 25 50 90 72 44
45 46 12 35 82 10
35 36 5 26 51 86
38 39 49 71 7 25
7 8 51 6 74 93
14 15 16 86 17 27
40 41 59 41 64 80
5 6 3 15 10 63
27 28 12 3 11 25
10 11 6 98 100 31
41 42 6 99 64 5
13 14 25 5 40 53
8 9 7 15 1 100
37 38 3 35 90 48
43 44 27 86 100 66
16 17 33 23 47 53
46 47 17 90 6 19
30 31 5 47 76 16
22 23 21 7 61 71
5 3 0 4
2 3 4 79 69 52
3 4 23 96 51 39
0 1 18 3 50 79
25 17 10 23
0 1 24 86 19 84
14 15 17 1 10 20
16 17 54 52 39 59
10 11 42 35 16 55
18 19 41 51 26 89
23 24 21 26 61 41
3 4 42 13 75 76
15 16 39 51 20 7
1 2 13 64 2 74
6 7 13 75 19 17
22 23 47 47 34 72
19 20 48 8 13 98
9 10 38 40 54 83
11 12 12 15 56 66
20 21 49 36 46 17
4 5 8 85 64 54
2 3 4 41 7 52
73 60 14 27
36 37 28 51 76 33
54 55 45 70 99 78
44 45 4 22 43 96
60 61 19 96 25 48
62 63 27 28 56 1
65 66 25 35 19 80
20 21 57 45 45 100
39 40 58 81 36 29
2 3 29 59 51 51
63 64 22 59 46 88
61 62 26 23 69 80
66 67 27 51 14 18
69 70 2 56 15 68
22 23 6 35 8 9
24 25 12 84 59 27
4 5 6 69 56 27
51 52 55 57 32 11
13 14 53 58 44 74
40 41 33 37 86 87
18 19 32 57 79 88
53 54 33 98 59 47
33 34 55 70 90 0
43 44 32 32 83 59
30 31 27 80 30 43
0 1 33 78 58 19
68 69 31 88 51 41
58 59 59 35 1 24
56 57 0 15 40 80
21 22 25 72 12 2
8 9 30 34 7 51
3 4 4 64 49 49
11 12 28 20 6 89
48 49 3 21 45 43
55 56 10 91 12 64
38 39 51 69 92 4
25 26 30 84 64 36
27 28 45 56 37 34
46 47 23 80 96 73
31 32 6 93 66 94
14 15 6 45 78 74
10 11 3 62 24 44
32 33 15 80 20 25
59 60 14 30 90 31
50 51 32 98 6 6
64 65 15 85 38 48
12 13 19 70 96 57
49 50 56 3 54 84
23 24 57 73 100 91
17 18 10 62 51 90
15 16 5 53 13 0
19 20 15 36 12 61
7 8 58 37 97 94
29 30 24 15 21 91
57 58 25 25 47 46
67 68 9 18 96 77
71 72 28 28 35 30
26 27 8 24 47 84
16 17 20 91 43 39
47 48 36 80 33 24
5 6 7 41 12 36
91 78 63 77
88 89 28 61 81 97
53 54 7 47 17 28
61 62 20 57 27 86
20 21 31 74 76 43
80 81 8 17 57 90
69 70 50 73 1 87
29 30 20 97 52 84
25 26 24 43 75 83
39 40 9 72 49 97
51 52 55 9 1 66
31 32 49 29 48 60
46 47 17 30 66 78
63 64 5 54 39 67
30 31 22 70 96 16
40 41 58 40 98 0
4 5 29 38 90 42
78 79 34 95 77 89
1 2 2 4 39 72
42 43 58 88 46 10
85 86 33 9 94 68
45 46 22 10 20 64
17 18 8 63 62 72
38 39 7 42 68 30
81 82 11 18 96 71
2 3 37 97 33 99
75 76 4 37 38 78
33 34 56 6 57 74
77 78 22 61 68 95
76 77 22 58 38 28
54 55 16 10 84 76
10 11 14 75 39 42
71 72 6 25 91 16
37 38 52 14 94 100
70 71 40 7 82 39
48 49 40 80 85 54
34 35 41 65 25 20
8 9 56 49 45 43
83 84 40 45 18 68
6 7 47 98 80 72
74 75 47 82 4 50
67 68 16 19 89 57
22 23 55 2 91 32
57 58 6 75 5 39
14 15 53 98 69 8
3 4 35 90 96 82
28 29 42 54 4 54
79 80 14 39 59 59
16 17 1 29 26 40
64 65 3 29 46 88
5 6 25 96 6 83
27 28 50 51 65 34
65 66 27 22 53 42
36 37 8 74 35 0
72 73 46 40 69 82
43 44 20 11 87 90
19 20 21 99 18 60
41 42 57 99 19 75
66 67 44 50 2 19
82 83 14 24 68 76
26 27 9 43 56 59
60 61 4 8 10 76
55 56 1 87 6 90
58 59 33 100 44 94
35 36 47 8 10 11
73 74 35 87 65 69
18 19 43 38 16 30
87 88 57 69 39 40
13 14 1 45 35 85
23 24 20 16 83 35
49 50 6 96 84 100
89 90 30 9 99 86
0 1 50 48 66 1
11 12 2 52 40 81
44 45 55 37 50 26
47 48 35 11 11 83
68 69 40 95 85 44
7 8 4 47 99 0
52 53 34 13 79 47
63 53 15 44
32 33 21 63 8 27
43 44 2 59 59 70
4 5 11 69 85 92
37 38 26 39 37 42
59 60 25 62 80 6
2 3 43 63 16 99
10 11 51 34 35 45
36 37 40 89 6 70
22 23 48 28 19 91
39 40 14 37 83 3
42 43 31 37 42 92
12 13 55 72 43 97
48 49 58 48 3 37
7 8 51 64 52 60
58 59 6 44 42 98
50 51 8 34 80 49
25 26 25 75 41 24
46 47 37 59 75 93
21 22 31 79 90 21
31 32 54 15 9 91
38 39 36 98 90 40
44 45 45 46 18 77
57 58 24 6 32 2
61 62 30 36 78 55
33 34 30 92 26 63
14 15 33 27 44 27
55 56 45 80 55 26
52 53 3 96 29 49
51 52 29 38 87 26
11 12 31 47 29 25
8 9 36 22 88 42
20 21 48 10 96 96
17 18 35 74 90 50
53 54 5 60 9 4
56 57 48 56 55 76
19 20 5 9 84 57
29 30 50 11 80 97
15 16 49 88 54 98
13 14 24 73 22 57
18 19 47 8 95 70
60 61 56 73 53 95
5 6 20 91 18 61
47 48 45 49 15 100
23 24 22 90 14 37
28 29 9 15 87 22
34 35 24 38 33 7
26 27 21 55 20 87
35 36 7 68 70 14
27 28 33 90 42 45
16 17 6 66 15 1
0 1 28 15 28 14
6 7 13 37 17 24
54 55 22 9 18 63
40 35 26 32
34 35 40 3 13 46
35 36 27 74 90 31
23 24 5 26 74 76
25 26 30 82 2 42
32 33 2 82 89 29
33 34 20 13 100 75
15 16 33 84 93 48
6 7 36 28 38 59
28 29 3 98 26 98
11 12 51 68 65 10
10 11 35 31 36 14
36 37 26 10 93 57
3 4 55 15 22 66
13 14 24 6 43 29
1 2 44 6 56 44
0 1 34 18 38 26
8 9 37 64 58 44
2 3 5 4 93 14
26 27 59 76 28 4
27 28 30 75 49 3
38 39 4 61 23 16
37 38 7 29 64 59
21 22 41 45 79 71
29 30 3 88 20 69
12 13 40 55 92 11
14 15 3 55 39 0
4 5 48 40 95 13
30 31 48 39 11 16
16 17 3 71 85 46
18 19 23 15 29 29
17 18 8 9 86 39
5 6 21 8 26 30
19 20 46 72 12 62
31 32 54 32 74 56
7 8 11 10 83 56
98 84 38 82
61 62 33 59 50 100
49 50 49 53 85 66
6 7 30 70 77 74
23 24 21 44 54 71
24 25 36 3 80 16
17 18 28 37 32 96
8 9 26 9 56 19
30 31 17 83 88 27
65 66 20 94 28 99
9 10 15 31 76 65
56 57 58 59 60 13
78 79 57 95 92 50
84 85 52 11 71 86
13 14 38 91 57 4
88 89 27 14 39 39
7 8 20 12 65 74
54 55 23 39 52 28
12 13 24 8 53 39
3 4 23 55 23 64
27 28 28 2 98 58
11 12 53 54 59 77
68 69 44 62 83 53
53 54 21 7 36 30
52 53 9 86 52 64
40 41 30 52 36 32
25 26 58 15 47 41
32 33 22 51 70 18
2 3 31 56 100 27
19 20 51 99 27 62
31 32 32 72 9 85
79 80 57 74 21 30
57 58 40 11 1 19
80 81 15 23 22 67
63 64 41 43 63 87
21 22 38 45 2 73
45 46 1 37 81 1
96 97 6 31 33 61
82 83 32 43 24 43
87 88 33 56 56 89
62 63 55 12 79 43
28 29 46 32 13 30
70 71 44 83 37 55
94 95 4 11 87 32
74 75 21 75 80 30
42 43 18 93 64 52
93 94 34 77 45 81
71 72 55 53 17 52
43 44 41 68 53 49
58 59 43 15 55 82
75 76 23 98 78 99
89 90 23 69 59 36
33 34 40 50 61 70
39 40 41 85 96 8
10 11 47 97 37 12
35 36 32 92 3 40
26 27 12 82 54 93
18 19 31 1 29 92
86 87 43 32 65 67
60 61 42 48 55 10
0 1 36 33 68 60
67 68 26 74 69 32
37 38 35 8 64 41
34 35 32 70 48 12
22 23 4 54 76 32
55 56 36 87 28 97
51 52 43 23 80 58
95 96 57 82 78 77
77 78 24 46 48 39
73 74 23 100 67 11
47 48 7 77 61 43
29 30 27 57 10 14
15 16 2 57 22 25
92 93 6 28 85 54
85 86 21 40 25 16
72 73 19 47 95 33
4 5 42 74 100 59
66 67 1 18 30 54
81 82 25 42 4 94
90 91 39 63 40 59
50 51 23 38 9 53
64 65 54 73 62 63
44 45 12 68 1 57
69 70 26 54 66 94
20 21 27 12 23 51
15 10 2 11
12 13 13 14 76 66
0 1 39 49 20 2
2 3 52 42 73 0
8 9 58 94 93 7
6 7 31 27 34 42
5 6 14 89 96 13
4 5 15 86 32 2
10 11 27 46 96 33
1 2 25 71 78 10
13 14 3 75 75 85
40 24 30 32
34 35 56 94 33 14
0 1 31 76 78 12
20 21 0 79 93 65
25 26 38 8 49 33
7 8 56 64 20 95
24 25 30 61 34 99
33 34 51 100 3 9
4 5 37 52 62 50
22 23 12 20 20 64
14 15 44 87 100 81
28 29 3 90 70 40
37 38 21 78 36 61
11 12 18 46 56 0
23 24 41 70 50 57
17 18 41 94 6 60
12 13 47 89 26 18
1 2 43 98 29 62
26 27 1 78 52 36
30 31 13 1 29 3
32 33 53 26 16 48
19 20 48 7 74 7
31 32 9 29 69 87
6 7 45 72 96 87
15 16 57 32 8 76
2 1 0 1
0 1 14 92 5 29
26 13 13 17
14 15 59 52 49 71
15 16 8 57 12 52
24 25 13 30 94 2
13 14 16 60 81 14
5 6 14 14 2 48
17 18 32 55 91 84
12 13 42 74 8 19
0 1 35 67 17 49
1 2 41 7 94 42
20 21 10 79 85 7
23 24 20 72 13 60
4 5 34 41 100 55
10 11 7 28 28 10
14 7 11 12
7 8 44 46 43 67
3 4 58 71 97 9
4 5 59 70 54 81
2 3 48 76 97 95
0 1 1 90 100 88
6 7 38 38 77 0
10 11 41 56 67 91
97 92 42 58
37 38 8 76 40 7
52 53 39 31 38 89
81 82 55 68 1 48
78 79 7 74 61 22
87 88 13 74 78 75
6 7 20 95 14 51
47 48 39 87 26 10
55 56 39 64 72 81
76 77 12 8 40 16
24 25 9 64 93 80
67 68 25 87 64 70
48 49 19 26 88 93
88 89 8 17 21 44
29 30 28 60 69 89
74 75 52 52 59 49
50 51 8 51 80 50
66 67 52 71 24 13
65 66 33 79 48 75
68 69 15 72 43 20
73 74 2 2 33 77
8 9 20 71 23 48
12 13 30 45 31 43
5 6 31 10 53 96
23 24 29 21 29 90
21 22 31 83 11 100
32 33 53 57 2 80
15 16 57 17 66 47
70 71 15 1 9 93
80 81 2 9 24 26
57 58 18 16 85 97
40 41 14 6 36 2
36 37 51 97 86 28
77 78 54 18 17 55
51 52 31 30 60 96
1 2 5 44 57 28
56 57 52 51 92 7
49 50 41 31 3 39
90 91 16 36 51 29
85 86 29 93 23 62
33 34 12 48 35 50
62 63 0 43 45 49
10 11 26 52 77 18
86 87 12 14 88 36
2 3 42 13 14 87
34 35 47 24 24 3
46 47 7 67 87 46
14 15 39 93 32 68
22 23 28 53 5 89
44 45 9 83 80 81
59 60 42 51 1 26
94 95 51 88 80 9
41 42 17 19 16 75
28 29 54 9 76 49
13 14 42 26 66 49
27 28 29 88 69 41
92 93 11 80 67 26
54 55 41 17 42 57
89 90 37 26 1 43
7 8 35 94 97 54
53 54 30 18 47 42
30 31 40 75 59 22
19 20 10 46 1 97
69 70 33 7 98 36
60 61 1 87 3 6
42 43 57 51 71 65
4 5 3 92 12 6
61 62 4 55 6 24
84 85 49 42 78 44
63 64 53 74 40 21
11 12 56 33 40 7
83 84 33 64 23 83
43 44 22 45 87 40
64 65 44 71 46 39
35 36 39 35 86 89
18 19 32 70 58 43
25 26 5 10 89 67
0 1 13 74 86 26
17 18 3 97 56 97
26 27 31 34 72 95
91 92 0 75 4 60
58 59 59 74 71 20
75 76 31 44 95 96
71 72 39 59 69 18
79 80 36 57 9 38
39 40 0 23 35 90
3 4 3 62 31 22
31 32 54 16 26 85
9 10 29 80 8 5
16 17 23 20 85 86
20 21 49 68 50 53
72 73 26 68 43 13
45 46 24 13 29 49
26 22 9 18
17 18 27 25 62 69
10 11 22 29 58 98
2 3 42 4 75 71
4 5 33 74 100 54
21 22 50 5 47 74
22 23 38 18 40 53
20 21 1 98 45 43
1 2 28 28 40 30
5 6 49 77 82 20
6 7 9 95 55 11
7 8 39 56 58 52
14 15 58 55 85 1
18 19 52 7 47 31
19 20 15 24 46 50
15 16 45 24 89 99
8 9 2 11 21 52
13 14 46 23 43 60
0 1 28 24 32 98
16 17 47 97 74 70
12 13 32 16 80 68
24 25 40 2 65 83
3 4 35 95 76 32
18 17 1 16
2 3 19 41 94 42
1 2 21 32 64 18
0 1 28 56 90 19
12 13 20 65 39 100
10 11 57 15 19 17
8 9 1 48 49 9
11 12 4 21 82 50
3 4 30 34 47 88
5 6 7 25 83 6
9 10 39 77 54 55
14 15 41 35 37 99
15 16 15 57 92 5
13 14 57 32 75 99
4 5 16 71 49 59
16 17 16 50 15 94
7 8 7 85 39 99
6 7 8 56 86 29
66 44 55 64
24 25 44 61 77 73
30 31 50 94 5 37
39 40 10 54 30 53
31 32 19 20 48 51
64 65 54 96 40 56
29 30 1 55 97 27
32 33 34 5 24 58
42 43 55 9 22 33
3 4 55 29 79 38
49 50 33 39 32 27
62 63 33 14 43 93
1 2 45 72 32 89
9 10 40 66 57 11
27 28 27 65 54 25
0 1 0 83 76 52
40 41 25 6 96 97
18 19 43 65 51 64
13 14 3 43 62 6
56 57 55 55 6 64
52 53 38 11 62 31
41 42 17 96 63 55
14 15 18 69 43 26
22 23 28 18 40 62
23 24 32 18 50 71
10 11 26 55 50 8
26 27 12 56 71 95
19 20 14 32 50 55
38 39 17 14 78 96
57 58 12 77 84 11
35 36 37 92 90 11
11 12 5 6 65 92
20 21 55 74 93 16
28 29 9 44 58 14
36 37 17 16 76 94
61 62 27 56 38 28
7 8 7 91 86 15
58 59 26 68 79 19
2 3 55 15 16 26
51 52 44 74 43 23
43 44 32 66 90 25
45 46 20 36 83 81
8 9 27 29 25 37
63 64 30 3 75 85
15 16 56 87 35 93
92 83 9 62
60 61 34 23 17 97
51 52 40 40 35 56
35 36 35 19 80 28
17 18 49 100 19 11
12 13 22 89 73 51
10 11 28 7 100 42
67 68 52 29 30 17
58 59 36 16 32 86
75 76 39 44 89 22
36 37 43 38 59 85
56 57 13 50 82 27
0 1 32 49 35 94
31 32 38 35 73 4
40 41 33 34 4 62
18 19 21 96 1 65
9 10 27 6 58 18
14 15 37 81 3 70
45 46 41 41 5 28
11 12 7 32 84 81
77 78 55 59 44 6
7 8 42 11 97 23
50 51 6 25 79 18
25 26 39 12 66 64
64 65 32 11 12 60
63 64 53 4 48 25
76 77 23 49 63 16
61 62 32 51 52 53
1 2 52 92 58 27
24 25 58 84 5 93
84 85 1 33 95 89
15 16 47 90 12 53
89 90 28 8 34 70
68 69 53 20 27 24
3 4 31 36 68 32
62 63 35 59 71 76
20 21 9 42 58 37
87 88 46 97 10 77
54 55 48 84 86 50
72 73 19 85 22 38
81 82 49 36 63 1
37 38 22 87 26 91
48 49 38 5 67 56
74 75 59 69 1 5
46 47 12 53 1 75
43 44 19 90 12 78
88 89 38 6 76 82
86 87 22 46 65 29
30 31 30 70 68 37
32 33 7 85 64 36
4 5 11 62 19 62
73 74 59 74 38 62
42 43 51 40 17 26
79 80 58 57 4 64
33 34 14 13 45 95
70 71 15 20 27 43
38 39 38 30 2 88
23 24 25 53 18 26
66 67 47 58 92 54
26 27 13 67 26 9
90 91 42 88 68 62
59 60 27 81 68 10
22 23 48 85 32 58
55 56 25 79 63 98
13 14 24 46 89 98
6 7 5 96 79 81
53 54 17 47 47 51
21 22 52 14 19 3
80 81 11 94 47 22
57 58 25 86 19 62
16 17 48 78 50 18
39 40 23 55 58 4
41 42 54 8 82 39
49 50 7 79 87 10
27 28 37 89 3 6
44 45 27 38 90 31
8 9 29 21 26 4
47 48 7 5 83 45
83 84 40 88 59 56
34 35 42 20 74 81
2 3 37 69 51 61
85 86 8 43 45 24
78 79 38 4 49 77
82 83 48 32 69 19
16 10 4 13
5 6 3 25 87 20
14 15 40 25 91 19
10 11 37 56 47 88
1 2 37 97 4 80
3 4 57 58 34 0
13 14 20 17 44 9
12 13 33 70 22 7
0 1 36 92 78 22
9 10 21 43 73 81
7 8 5 61 21 79
64 60 29 40
42 43 26 1 55 17
50 51 18 30 77 47
53 54 59 72 21 90
4 5 29 89 84 56
51 52 12 50 27 74
40 41 46 51 99 8
27 28 12 4 66 58
2 3 23 69 93 64
12 13 39 50 76 95
0 1 46 16 65 74
48 49 52 22 14 66
22 23 21 64 21 19
20 21 58 78 92 99
21 22 55 26 81 17
28 29 28 2 99 65
57 58 22 24 65 15
10 11 34 84 62 30
62 63 11 47 1 28
37 38 49 29 21 49
35 36 48 69 76 40
41 42 21 91 88 76
3 4 12 79 84 5
25 26 41 43 7 47
33 34 55 36 13 39
34 35 28 93 70 85
17 18 56 98 8 7
56 57 21 83 74 7
5 6 11 93 47 54
45 46 28 82 97 49
59 60 59 49 49 90
18 19 21 66 16 75
52 53 7 32 3 77
1 2 15 44 78 6
9 10 46 37 46 36
47 48 7 26 84 69
49 50 12 70 66 15
55 56 0 88 92 21
44 45 23 11 52 63
29 30 52 99 27 18
54 55 5 40 29 95
46 47 32 16 15 20
38 39 52 89 13 7
14 15 41 3 46 4
43 44 26 77 57 88
6 7 3 80 58 79
32 33 58 70 26 77
11 12 42 97 4 14
8 9 37 49 61 26
23 24 35 77 46 80
13 14 29 33 85 8
36 37 20 37 35 74
7 8 54 13 93 76
24 25 59 33 87 95
16 17 42 25 26 32
60 61 49 20 93 85
31 32 32 41 84 84
26 27 8 57 28 73
30 31 1 83 26 97
19 20 53 10 93 69
58 59 6 83 2 19
21 17 15 15
6 7 15 71 43 7
0 1 9 3 42 49
1 2 0 42 16 44
19 20 45 26 9 80
11 12 7 33 86 86
18 19 41 63 68 81
3 4 17 28 42 48
13 14 7 9 21 0
14 15 28 53 77 33
2 3 44 13 38 6
7 8 51 94 35 19
12 13 36 7 53 55
4 5 44 64 17 16
10 11 43 97 87 51
9 10 50 2 65 81
8 9 58 3 17 79
16 17 12 83 57 82
3 2 0 1
1 2 23 84 15 67
0 1 6 75 73 9
77 75 67 68
22 23 58 98 36 26
39 40 49 80 33 47
13 14 19 82 5 14
28 29 46 15 19 55
60 61 5 12 73 71
74 75 22 21 83 65
8 9 4 27 12 77
51 52 9 7 19 23
27 28 3 5 55 13
45 46 5 30 84 8
37 38 55 50 54 37
3 4 9 74 58 33
75 76 53 5 82 3
24 25 51 92 81 77
56 57 19 88 4 18
64 65 54 21 25 59
33 34 7 74 99 23
48 49 54 86 17 43
19 20 7 68 41 30
1 2 45 25 71 74
73 74 55 99 3 5
61 62 1 82 10 16
55 56 16 42 13 57
41 42 44 43 1 62
43 44 26 2 60 24
72 73 40 15 93 40
57 58 42 12 40 95
58 59 48 85 56 16
47 48 7 60 88 3
11 12 1 26 68 63
38 39 19 65 98 80
34 35 12 98 62 38
53 54 28 20 52 99
36 37 13 2 82 81
50 51 26 68 3 51
44 45 57 44 70 25
52 53 27 38 26 98
21 22 58 46 58 69
42 43 1 58 63 60
31 32 7 9 80 62
0 1 52 56 29 14
70 71 11 55 27 76
68 69 49 70 99 83
54 55 43 62 70 62
18 19 48 90 4 22
40 41 53 27 46 43
7 8 52 44 75 79
15 16 51 64 86 11
35 36 59 43 82 54
62 63 15 74 29 73
49 50 16 13 66 45
30 31 51 31 59 40
9 10 56 91 5 58
10 11 1 71 96 68
14 15 0 96 51 13
17 18 26 12 7 96
63 64 43 69 35 41
29 30 54 52 28 54
12 13 50 85 25 95
46 47 15 61 34 50
2 3 58 88 100 6
66 67 44 59 78 92
23 24 41 44 59 94
67 68 24 72 13 67
65 66 37 23 40 60
20 21 34 97 83 58
32 33 33 79 28 13
25 26 14 89 65 59
16 17 21 87 54 49
59 60 21 50 99 83
69 70 15 53 2 75
6 7 7 48 60 88
5 6 48 99 4 61
71 72 54 75 100 90
4 5 35 37 40 35
72 63 9 38
51 52 47 93 3 34
33 34 39 75 56 32
57 58 9 75 18 82
42 43 43 34 71 99
0 1 26 65 71 35
65 66 42 53 5 86
11 12 6 83 42 66
43 44 26 55 46 55
66 67 7 84 37 50
41 42 42 18 84 0
68 69 22 4 33 47
14 15 34 52 9 10
24 25 41 1 44 97
22 23 55 26 29 71
31 32 39 77 20 94
17 18 24 20 78 87
38 39 51 35 77 58
27 28 56 33 55 45
63 64 24 2 90 46
5 6 4 88 11 27
18 19 53 19 66 26
25 26 54 47 61 29
46 47 41 70 25 17
55 56 43 48 89 33
56 57 36 9 96 36
50 51 15 16 62 46
30 31 47 36 97 9
39 40 8 78 50 96
53 54 28 24 23 20
19 20 48 24 7 5
28 29 50 66 21 92
40 41 46 34 88 22
21 22 40 18 17 61
16 17 13 74 8 57
67 68 48 78 71 50
9 10 42 34 69 38
49 50 4 23 20 4
7 8 17 4 92 62
15 16 31 47 82 80
54 55 0 62 97 63
61 62 56 42 53 21
13 14 57 33 80 30
64 65 0 9 4 88
26 27 22 96 18 58
44 45 38 21 4 36
37 38 6 7 55 16
20 21 10 83 39 34
60 61 17 80 89 6
23 24 38 36 8 27
10 11 26 63 14 6
69 70 41 19 52 20
58 59 58 61 31 2
36 37 24 3 3 32
35 36 49 48 98 50
59 60 23 97 25 90
70 71 13 50 74 42
52 53 48 79 12 1
3 4 31 14 7 99
6 7 42 24 19 23
1 2 25 68 64 50
12 13 0 77 45 83
47 48 36 21 23 47
32 33 17 62 33 72
43 36 25 37
40 41 37 75 51 33
29 30 6 15 72 11
0 1 35 78 54 74
6 7 54 36 22 100
21 22 11 40 2 58
18 19 8 10 99 33
23 24 39 67 52 60
10 11 24 95 11 20
31 32 11 24 70 75
14 15 0 28 89 6
22 23 8 96 95 25
9 10 50 51 7 99
32 33 0 23 76 45
8 9 2 95 4 16
41 42 36 48 26 49
4 5 15 49 44 91
11 12 5 61 47 74
38 39 28 88 20 18
12 13 57 22 11 33
39 40 55 42 62 33
27 28 2 15 23 41
30 31 6 85 57 20
3 4 42 51 42 58
13 14 42 60 5 50
1 2 40 91 70 61
37 38 56 1 62 31
25 26 35 2 64 92
24 25 24 44 80 1
2 3 59 28 36 14
17 18 10 7 51 20
36 37 43 68 8 91
34 35 59 3 26 100
28 29 14 24 75 29
26 27 38 16 11 81
7 8 22 29 47 62
5 6 55 61 79 37
100 54 89 90
46 47 13 61 30 26
4 5 47 92 41 74
37 38 58 90 57 57
89 90 53 40 8 94
92 93 52 48 72 64
77 78 28 60 90 5
97 98 14 14 67 84
7 8 10 87 59 26
53 54 32 95 82 15
11 12 27 67 69 13
71 72 22 54 73 75
47 48 43 47 100 30
81 82 38 3 90 90
91 92 55 71 64 14
93 94 27 38 40 37
45 46 7 89 92 46
78 79 38 60 28 22
70 71 5 60 80 50
87 88 44 12 78 80
17 18 10 48 97 83
62 63 27 28 54 93
14 15 53 74 3 62
38 39 59 22 23 83
85 86 59 57 71 96
51 52 46 25 80 61
36 37 32 67 89 95
63 64 28 39 24 31
15 16 59 96 45 99
16 17 39 75 59 40
5 6 25 55 13 99
21 22 4 94 9 22
27 28 44 76 20 87
75 76 32 40 57 78
13 14 56 54 51 90
66 67 12 87 10 7
82 83 14 71 57 70
80 81 11 69 65 45
29 30 26 79 89 19
76 77 52 44 15 42
32 33 3 40 49 84
59 60 43 31 44 85
50 51 21 46 79 100
35 36 8 43 47 3
18 19 3 6 55 22
22 23 43 65 61 55
43 44 49 45 91 54
79 80 27 33 71 13
20 21 9 7 38 28
86 87 24 84 48 46
56 57 44 76 84 31
90 91 4 24 57 51
95 96 15 46 23 84
52 53 11 7 10 80
1 2 23 30 91 76
43 40 21 32
0 1 51 22 32 88
19 20 44 47 81 7
30 31 6 57 78 36
23 24 34 36 7 18
29 30 56 32 76 53
11 12 25 70 5 68
24 25 6 81 83 84
38 39 21 76 38 16
41 42 11 5 53 7
4 5 30 74 69 92
3 4 46 42 31 9
28 29 40 4 99 2
22 23 33 78 99 31
15 16 53 93 15 31
16 17 38 87 39 58
10 11 8 64 22 59
27 28 9 28 41 76
9 10 15 77 61 33
12 13 10 67 15 93
20 21 21 36 51 12
26 27 26 42 75 99
18 19 18 42 51 35
36 37 4 16 78 34
6 7 54 90 77 20
21 22 53 59 66 78
13 14 40 45 90 92
8 9 39 6 59 30
2 3 24 60 51 4
25 26 55 55 54 29
31 32 49 82 30 96
32 33 26 28 9 65
14 15 45 99 23 66
17 18 25 21 89 24
1 2 52 89 5 25
7 8 11 87 63 25
39 40 23 7 61 70
33 34 17 38 97 20
5 6 50 90 92 44
37 38 32 89 96 99
40 41 45 43 62 73
40 34 16 18
28 29 26 54 84 37
29 30 6 16 39 58
15 16 36 42 31 87
21 22 12 69 86 46
32 33 56 42 79 51
35 36 13 96 31 74
31 32 32 71 37 19
1 2 4 71 21 8
24 25 38 100 11 92
17 18 57 43 96 44
30 31 15 78 61 44
18 19 40 14 82 85
22 23 7 30 64 22
33 34 20 23 63 77
2 3 34 20 64 46
11 12 53 6 73 29
34 35 39 5 12 67
36 37 6 8 25 90
7 8 28 99 14 56
3 4 42 7 58 85
5 6 1 43 5 18
23 24 23 53 69 49
13 14 10 78 67 46
9 10 44 89 98 15
26 27 47 13 73 53
14 15 36 79 51 29
20 21 2 49 88 35
25 26 56 63 51 16
10 11 12 25 91 31
4 5 46 46 64 82
16 17 49 69 64 18
19 20 56 38 29 62
8 9 29 52 54 78
12 13 54 30 40 54
52 46 11 42
40 41 55 56 68 82
6 7 39 68 12 56
9 10 29 30 65 46
29 30 40 69 38 73
50 51 36 1 43 91
33 34 16 24 83 22
46 47 48 39 56 44
7 8 0 14 25 87
34 35 3 12 6 48
25 26 13 80 72 91
8 9 25 29 52 0
45 46 31 70 18 60
38 39 16 25 82 81
37 38 33 79 85 74
44 45 33 88 26 27
19 20 47 33 87 14
36 37 52 56 55 13
42 43 7 27 12 51
5 6 51 19 7 14
13 14 22 64 77 94
28 29 38 90 62 11
17 18 37 78 73 0
27 28 45 66 63 55
2 3 24 24 32 7
22 23 33 4 86 1
49 50 52 75 56 6
14 15 13 44 74 15
30 31 39 80 11 40
35 36 14 23 10 79
12 13 3 54 83 27
32 33 54 60 35 65
24 25 41 73 38 94
4 5 12 100 64 3
1 2 0 71 35 73
3 4 56 16 55 68
16 17 46 55 60 53
11 12 7 54 49 41
26 27 14 49 46 64
43 44 1 74 5 8
15 16 13 72 36 32
48 49 28 6 69 87
31 32 11 48 55 82
10 11 14 76 35 72
0 1 25 81 64 64
18 19 49 6 88 14
47 48 20 67 60 43
32 22 0 31
27 28 54 57 54 89
4 5 58 65 94 16
24 25 48 34 31 66
21 22 43 8 32 33
8 9 37 90 36 10
10 11 3 88 7 47
12 13 44 6 44 54
2 3 34 88 29 64
6 7 6 14 14 34
9 10 18 53 58 21
25 26 38 16 3 12
29 30 23 5 55 94
17 18 33 67 57 81
11 12 14 77 100 74
13 14 50 25 50 74
15 16 12 76 45 65
23 24 52 68 22 71
26 27 27 88 11 45
3 4 54 45 5 49
14 15 45 57 29 7
16 17 24 82 34 47
7 8 47 56 99 15
13 9 3 10
8 9 6 76 92 50
2 3 22 67 17 40
11 12 0 8 93 77
5 6 51 4 75 1
7 8 33 86 54 8
10 11 9 100 31 51
0 1 23 80 77 44
4 5 23 55 92 59
1 2 10 75 90 58
38 30 11 14
18 19 45 94 46 23
1 2 23 4 37 69
11 12 51 39 45 65
21 22 37 73 15 60
24 25 20 42 74 42
27 28 6 19 24 41
32 33 50 76 74 92
26 27 25 39 58 49
13 14 53 93 100 38
8 9 57 13 7 12
20 21 33 70 29 33
25 26 59 41 90 41
28 29 27 92 40 12
12 13 38 69 7 67
34 35 43 52 17 90
7 8 58 58 27 44
16 17 59 15 32 29
33 34 2 5 78 42
0 1 58 18 100 54
31 32 0 77 52 97
30 31 13 80 47 47
6 7 43 95 25 37
5 6 9 28 45 67
36 37 7 53 46 92
19 20 52 99 54 34
14 15 17 33 89 52
17 18 46 33 23 81
15 16 31 8 57 64
9 10 50 60 37 29
29 30 55 17 14 38
90 49 44 75
41 42 51 85 60 52
33 34 16 83 23 97
17 18 44 55 72 6
42 43 20 37 9 96
71 72 53 23 15 26
38 39 52 27 98 78
34 35 55 29 89 12
23 24 33 22 70 56
46 47 34 27 26 56
65 66 11 41 38 25
62 63 38 75 29 66
35 36 52 6 100 59
44 45 57 96 32 49
43 44 25 69 35 97
24 25 38 5 79 35
37 38 33 1 39 97
32 33 32 2 16 96
5 6 24 11 16 36
36 37 44 68 70 38
28 29 57 61 83 40
85 86 37 64 41 46
51 52 29 76 68 28
88 89 45 10 40 50
79 80 0 73 10 70
81 82 16 15 5 10
30 31 7 26 80 30
39 40 52 94 39 86
64 65 49 62 95 40
73 74 23 83 58 54
74 75 22 21 62 75
69 70 5 38 88 99
58 59 43 65 76 37
16 17 26 4 41 10
21 22 54 95 10 29
84 85 2 59 21 42
78 79 58 18 44 37
4 5 30 26 59 26
61 62 4 27 69 20
6 7 24 24 35 34
50 51 5 21 34 82
68 69 2 13 67 62
82 83 33 11 70 27
86 87 42 56 87 50
1 2 38 10 95 73
76 77 15 77 5 92
47 48 37 4 86 55
3 4 19 28 77 92
67 68 10 45 67 100
40 41 13 27 90 6
66 46 17 57
38 39 5 89 20 39
12 13 35 90 64 16
32 33 21 17 62 33
9 10 38 16 61 35
53 54 47 26 12 77
55 56 8 19 44 71
46 47 34 59 85 57
20 21 19 9 32 36
8 9 44 25 15 78
61 62 56 96 32 87
41 42 28 2 23 15
52 53 46 4 84 83
50 51 53 85 68 33
34 35 20 70 8 86
33 34 20 42 32 47
17 18 58 85 99 38
24 25 13 35 31 32
43 44 49 55 15 28
57 58 55 61 39 100
51 52 35 95 35 42
2 3 45 30 41 74
13 14 56 61 24 13
22 23 19 22 80 84
6 7 23 45 65 83
11 12 38 45 60 30
18 19 48 100 36 12
59 60 28 66 46 0
62 63 56 57 17 52
54 55 47 97 24 25
30 31 48 90 92 65
4 5 21 91 53 69
19 20 33 2 94 29
21 22 53 29 49 73
23 24 0 78 11 94
14 15 27 70 44 80
45 46 4 84 50 34
15 16 17 38 41 6
64 65 0 83 90 12
7 8 14 6 62 36
31 32 32 15 19 38
5 6 54 92 80 12
40 41 1 14 88 97
39 40 30 6 42 31
1 2 48 23 81 26
25 26 4 4 64 90
56 57 26 68 2 58
36 33 17 35
26 27 37 69 85 91
13 14 7 12 77 60
11 12 48 90 50 11
0 1 45 13 84 49
17 18 30 20 18 84
33 34 49 3 42 94
31 32 50 24 86 13
29 30 5 50 76 23
20 21 9 68 28 13
16 17 16 2 83 34
21 22 23 81 12 52
30 31 59 42 80 5
7 8 35 82 47 45
4 5 59 21 68 14
15 16 2 18 100 62
25 26 33 90 94 59
10 11 19 63 87 82
6 7 38 47 88 5
2 3 2 71 95 27
14 15 42 67 12 61
18 19 58 43 94 38
5 6 21 20 57 89
9 10 18 23 39 77
32 33 55 38 93 78
12 13 10 79 85 19
22 23 36 25 70 98
24 25 33 67 63 71
19 20 15 78 1 85
1 2 30 23 8 31
34 35 30 75 58 82
8 9 49 99 63 92
3 4 59 39 6 99
27 28 12 13 17 56
48 17 4 35
1 2 4 80 48 40
11 12 19 71 7 57
10 11 22 99 56 18
12 13 8 7 51 59
40 41 40 8 76 86
25 26 56 77 43 40
42 43 30 5 97 41
44 45 44 85 9 69
6 7 32 27 93 44
14 15 30 52 99 97
29 30 35 59 63 76
31 32 6 93 86 40
36 37 49 42 60 25
15 16 46 76 33 95
39 40 20 87 30 76
13 14 29 88 53 69
38 39 43 84 93 9
37 23 21 29
14 15 31 71 96 64
17 18 53 62 75 30
35 36 57 81 19 35
9 10 27 66 20 8
15 16 59 30 19 52
20 21 19 8 91 39
7 8 50 25 90 72
16 17 24 42 66 18
3 4 29 14 83 100
12 13 13 62 100 99
10 11 24 27 46 55
29 30 31 60 68 38
30 31 4 27 26 66
31 32 41 53 90 100
8 9 52 34 59 15
6 7 8 15 65 4
21 22 1 39 23 20
19 20 3 48 81 29
18 19 3 79 9 37
22 23 32 83 53 15
34 35 31 10 83 83
28 29 49 14 32 93
23 24 28 78 44 75
12 7 1 9
8 9 3 71 3 93
7 8 33 76 69 3
10 11 7 33 56 78
2 3 22 64 14 13
6 7 37 35 30 38
3 4 11 10 10 76
9 10 40 82 11 22
97 57 6 95
86 87 28 16 41 83
61 62 18 38 100 96
84 85 28 29 58 7
35 36 47 17 72 30
87 88 27 44 33 8
41 42 18 92 69 37
59 60 2 38 100 67
3 4 26 70 66 7
63 64 28 91 27 47
83 84 14 83 91 36
88 89 33 9 19 99
18 19 10 81 2 5
22 23 52 21 58 63
93 94 52 51 14 24
20 21 34 7 83 52
75 76 3 35 86 9
66 67 23 84 37 16
11 12 19 96 7 24
12 13 37 58 84 23
80 81 15 45 62 23
46 47 42 10 54 76
0 1 3 48 17 96
27 28 56 49 65 56
15 16 6 91 91 22
33 34 9 35 67 95
17 18 55 28 79 21
71 72 46 24 16 22
8 9 25 4 16 52
89 90 40 65 17 81
6 7 22 97 42 26
40 41 23 67 12 47
76 77 37 99 59 36
77 78 28 81 27 58
56 57 6 81 54 24
94 95 5 44 96 18
21 22 13 38 3 42
79 80 22 90 89 30
4 5 1 22 6 69
2 3 46 76 100 1
19 20 21 63 55 26
26 27 0 93 81 59
7 8 3 11 14 38
37 38 30 76 31 91
14 15 40 4 58 56
30 31 52 85 91 58
16 17 29 63 38 17
69 70 54 98 70 41
82 83 45 44 29 58
29 30 45 22 81 27
43 44 35 52 41 53
92 93 27 19 22 67
39 40 22 60 60 87
91 92 25 7 41 72
70 71 55 83 29 74
62 63 7 37 26 43
64 65 44 92 10 23
65 66 22 15 55 71
85 70 50 59
39 40 2 13 96 89
10 11 49 40 66 25
44 45 53 85 96 70
73 74 43 43 77 91
35 36 30 31 46 34
21 22 42 33 19 83
8 9 56 51 51 82
53 54 45 41 4 8
19 20 0 47 69 74
50 51 17 46 66 69
60 61 49 74 5 67
36 37 37 59 46 91
26 27 18 73 63 85
77 78 2 34 51 55
4 5 16 58 53 24
52 53 37 39 92 89
79 80 53 68 81 36
63 64 22 12 67 35
13 14 41 60 37 72
56 57 56 52 100 17
24 25 1 93 46 91
37 38 52 33 76 53
78 79 25 69 41 78
9 10 51 14 88 58
43 44 18 98 51 92
58 59 25 62 88 59
49 50 45 81 52 63
64 65 10 9 88 69
67 68 30 44 54 33
2 3 47 69 45 84
42 43 3 99 64 64
57 58 42 27 16 54
11 12 2 80 79 60
81 82 23 83 33 32
38 39 59 51 52 39
17 18 46 24 68 72
23 24 15 51 43 71
41 42 19 8 82 41
69 70 3 38 19 14
40 41 46 68 22 44
29 30 19 17 92 70
48 49 51 77 73 77
75 76 33 5 14 18
22 23 30 64 52 88
20 21 20 11 92 16
51 52 24 29 51 20
14 15 42 33 46 31
46 47 52 82 83 97
16 17 2 31 27 81
12 13 7 19 81 89
55 56 33 24 89 83
47 48 14 7 75 62
71 72 42 74 16 93
18 19 11 37 69 35
83 84 28 23 41 62
72 73 35 59 38 8
15 16 14 33 87 14
25 26 47 58 10 34
68 69 25 21 63 45
28 29 21 17 3 86
61 62 18 94 30 41
80 81 24 100 53 93
74 75 58 46 30 32
33 34 22 69 2 37
27 28 15 41 19 92
7 8 59 59 31 11
76 77 6 93 19 23
54 55 12 19 2 3
34 35 22 2 54 82
6 7 47 77 10 72
77 50 29 70
63 64 35 1 6 84
51 52 44 12 51 33
14 15 36 93 21 59
67 68 8 33 2 94
74 75 14 23 48 21
18 19 21 86 21 35
60 61 37 6 40 74
22 23 36 77 38 12
25 26 55 36 27 18
70 71 7 28 35 30
71 72 48 10 1 31
15 16 17 70 63 21
66 67 21 53 64 40
50 51 9 86 49 59
47 48 37 23 56 48
39 40 47 73 20 22
48 49 41 32 76 57
2 3 10 57 50 79
53 54 40 44 51 75
4 5 30 1 87 80
34 35 46 6 10 38
59 60 24 59 98 28
33 34 28 6 49 64
10 11 40 94 53 90
37 38 50 36 34 87
42 43 17 89 55 91
11 12 11 92 20 71
64 65 50 18 82 34
57 58 11 84 85 26
73 74 13 83 34 42
55 56 57 23 80 63
26 27 43 56 93 48
65 66 59 94 32 12
31 32 45 74 93 36
32 33 13 43 62 1
68 69 32 20 40 24
41 42 38 74 59 92
72 73 22 24 60 67
38 39 15 25 54 47
69 70 38 21 87 36
62 63 53 99 19 29
19 20 41 38 81 35
17 18 31 22 53 86
23 24 31 56 86 45
13 14 49 62 94 52
35 36 31 36 95 17
21 22 12 66 29 95
5 6 3 23 46 85
8 9 33 11 6 40
43 44 23 75 40 63
6 4 0 1
0 1 58 94 41 52
2 3 57 67 83 46
3 4 25 18 66 25
1 2 59 23 72 72
20 9 5 15
2 3 27 49 95 2
7 8 36 56 34 67
1 2 22 95 78 59
10 11 6 25 14 73
12 13 27 52 54 3
3 4 36 18 92 44
5 6 41 58 35 97
16 17 42 94 3 29
9 10 24 82 52 54
9 8 5 7
5 6 35 10 16 14
3 4 51 74 57 24
2 3 14 58 28 56
4 5 26 93 21 13
0 1 0 91 44 5
1 2 42 89 31 90
6 7 47 44 55 45
7 8 7 37 55 21
69 55 28 50
56 57 59 65 51 0
6 7 42 38 95 62
12 13 55 36 55 0
11 12 19 46 76 49
22 23 13 35 77 19
4 5 15 95 37 34
36 37 28 93 36 34
42 43 28 52 87 93
3 4 0 86 63 73
21 22 44 21 93 33
34 35 39 51 72 15
61 62 44 66 39 71
10 11 24 78 44 7
62 63 39 71 88 31
51 52 49 80 59 49
53 54 54 28 38 31
33 34 29 77 23 56
30 31 58 18 99 71
9 10 15 80 90 56
44 45 2 56 44 11
32 33 10 12 46 44
47 48 56 58 43 8
7 8 25 93 53 35
1 2 31 78 18 95
15 16 58 62 83 14
5 6 56 77 56 8
39 40 48 73 27 60
66 67 1 38 67 0
31 32 13 29 67 40
37 38 21 59 15 20
28 29 53 100 33 33
14 15 20 7 81 85
26 27 50 60 9 66
43 44 51 85 69 67
17 18 59 16 77 35
18 19 41 8 9 92
54 55 2 55 75 77
13 14 44 97 26 72
63 64 44 24 3 60
67 68 3 87 56 27
55 56 8 15 57 84
60 61 26 91 42 6
35 36 55 18 100 84
57 58 11 82 6 15
48 49 12 69 58 18
64 65 1 8 85 97
0 1 6 23 95 54
41 42 59 64 85 23
24 25 30 10 28 84
46 47 49 36 50 84
58 59 18 75 29 26
27 28 14 8 13 79
16 17 56 54 48 93
40 41 46 26 69 77
52 53 11 79 6 93
15 12 2 5
4 5 5 34 37 47
11 12 41 100 39 96
9 10 55 62 57 69
8 9 2 6 67 59
3 4 16 27 72 72
2 3 5 25 87 67
10 11 42 6 77 71
1 2 10 43 70 48
5 6 8 88 95 70
13 14 53 13 63 46
7 8 53 25 40 32
0 1 46 47 42 69
86 33 59 67
24 25 51 72 17 23
74 75 54 98 13 15
20 21 32 39 93 12
3 4 23 23 78 71
14 15 25 45 70 57
18 19 24 51 69 33
68 69 34 97 33 46
62 63 39 94 27 16
47 48 52 6 17 22
60 61 36 35 33 32
31 32 0 42 82 93
56 57 24 76 78 89
27 28 18 40 2 88
17 18 34 45 100 56
58 59 37 91 84 92
30 31 9 45 67 6
48 49 54 22 3 97
36 37 33 17 45 88
79 80 45 56 6 94
51 52 4 84 88 20
53 54 22 77 7 68
65 66 42 21 10 78
83 84 9 4 59 66
73 74 37 27 65 35
16 17 8 53 18 51
8 9 15 87 29 11
10 11 41 58 100 85
75 76 36 23 21 38
4 5 56 24 5 88
7 8 35 44 68 75
50 51 40 13 52 53
22 23 50 62 85 33
69 70 49 33 24 45
44 26 6 18
26 27 54 25 53 55
23 24 50 86 73 46
35 36 58 24 36 92
12 13 59 45 9 45
21 22 46 54 24 91
9 10 15 31 27 96
34 35 48 86 21 16
42 43 33 6 3 44
31 32 18 26 87 69
0 1 8 1 54 91
6 7 25 94 85 73
11 12 24 58 41 16
19 20 30 6 83 22
5 6 17 62 4 31
38 39 8 27 1 84
33 34 29 41 55 43
20 21 22 2 93 87
41 42 59 56 69 47
14 15 0 19 15 58
15 16 11 73 55 96
29 30 10 5 61 94
25 26 15 7 13 7
17 18 5 66 39 10
40 41 10 99 88 7
16 17 39 25 8 60
8 9 20 50 98 29
52 48 24 32
17 18 24 79 28 30
22 23 49 67 26 29
42 43 51 95 67 51
35 36 40 42 16 24
49 50 22 86 43 90
28 29 58 95 68 18
6 7 27 46 35 2
24 25 2 77 57 23
4 5 35 73 61 35
39 40 22 44 43 61
40 41 13 46 41 2
3 4 20 61 91 54
12 13 12 87 31 16
44 45 35 98 41 69
23 24 7 90 43 70
26 27 43 13 4 22
27 28 26 85 59 36
9 10 37 24 30 96
30 31 5 37 8 41
43 44 35 76 30 22
0 1 57 92 27 60
8 9 47 88 66 31
32 33 26 42 86 27
36 37 0 66 2 0
1 2 36 37 37 6
25 26 5 3 85 92
13 14 3 25 50 23
45 46 1 36 52 25
34 35 10 82 95 52
2 3 11 71 20 58
16 17 8 95 100 44
50 51 54 29 17 58
19 20 47 86 64 51
21 22 35 60 1 53
7 8 27 79 19 93
18 19 48 13 84 6
15 16 51 21 4 64
41 42 56 11 47 78
5 6 5 34 84 81
38 39 11 63 31 68
20 21 29 54 49 71
10 11 0 23 23 71
46 47 24 70 42 76
47 48 32 18 71 55
33 34 44 16 39 29
37 38 29 52 22 45
48 49 30 40 71 79
14 15 19 12 30 75
9 8 1 4
4 5 43 81 36 24
0 1 13 97 51 62
2 3 57 12 32 54
3 4 0 19 87 43
7 8 38 31 82 21
6 7 27 78 13 16
5 6 57 6 20 66
1 2 8 1 39 21
52 44 14 16
0 1 56 51 19 42
8 9 4 26 67 35
26 27 45 33 68 22
1 2 0 64 35 15
45 46 42 70 28 6
21 22 33 24 100 44
48 49 18 30 72 97
9 10 22 17 10 83
14 15 58 11 22 31
27 28 52 49 56 16
34 35 35 53 38 61
3 4 40 31 66 9
7 8 21 30 88 42
46 47 38 56 69 17
35 36 42 69 42 5
49 50 50 95 10 88
24 25 10 49 13 29
33 34 44 42 100 97
37 38 16 14 33 77
16 17 39 92 100 6
25 26 52 45 34 32
20 21 29 48 63 99
30 31 43 82 86 24
19 20 21 73 28 2
18 19 16 84 46 65
39 40 50 45 20 53
13 14 5 74 2 77
36 37 20 84 23 56
6 7 15 40 78 84
50 51 17 16 52 29
10 11 27 44 52 83
42 43 6 12 97 96
40 41 0 72 5 79
22 23 41 45 39 31
11 12 14 22 80 70
44 45 5 55 92 91
23 24 22 41 48 22
41 42 3 69 40 42
29 30 51 20 6 11
12 13 8 95 63 53
38 39 12 74 3 44
43 44 0 23 29 96
32 33 13 63 71 26
15 16 24 2 11 85
96 55 50 57
46 47 39 12 49 27
39 40 35 59 21 46
50 51 10 89 89 83
36 37 5 31 59 98
62 63 46 18 54 74
88 89 49 11 98 68
82 83 29 1 35 67
59 60 5 32 70 61
9 10 8 97 15 15
71 72 9 25 13 13
35 36 17 11 16 6
85 86 37 24 28 23
66 67 51 38 48 43
45 46 51 45 48 7
55 56 3 75 57 38
53 54 52 48 39 22
44 45 28 10 46 65
76 77 18 18 35 5
17 18 45 79 68 93
16 17 3 31 45 46
51 52 37 98 55 39
2 3 20 94 79 0
5 6 49 90 66 35
94 95 19 73 26 92
40 41 14 26 44 83
86 87 38 4 68 71
38 39 39 58 9 23
60 61 28 91 21 29
48 49 19 50 11 41
10 11 33 24 12 38
29 30 7 93 77 91
15 16 14 45 50 20
32 33 16 5 4 97
21 22 20 89 9 66
57 58 20 3 98 71
47 48 10 35 73 10
41 42 13 34 94 45
75 76 12 43 64 52
3 4 10 25 48 74
54 55 37 50 25 35
74 75 56 38 91 12
19 20 41 64 67 15
25 26 26 92 60 74
26 27 29 41 93 79
92 93 31 22 4 29
0 1 49 11 97 45
68 69 4 9 13 93
73 74 20 13 37 60
23 24 21 82 7 6
13 14 8 45 61 99
77 78 33 95 30 55
33 34 2 73 81 30
83 84 55 25 99 85
30 31 9 72 85 15
63 64 30 81 98 95
59 16 16 48
26 27 43 45 80 35
20 21 11 10 39 71
54 55 6 81 33 47
49 50 50 64 62 91
24 25 55 61 6 79
18 19 12 76 97 44
25 26 20 13 89 37
46 47 38 96 44 4
41 42 31 87 60 53
40 41 59 75 79 0
30 31 56 66 77 54
53 54 42 74 78 98
15 16 20 86 88 74
27 28 12 75 61 60
6 7 44 60 45 4
0 1 31 80 4 93
57 42 28 37
21 22 7 41 67 73
11 12 32 68 18 10
50 51 20 90 19 53
52 53 49 64 23 84
25 26 24 44 54 78
35 36 5 86 79 80
10 11 38 91 98 59
4 5 49 36 38 57
27 28 54 48 57 89
34 35 28 36 61 74
29 30 56 2 47 67
3 4 14 5 100 79
44 45 33 78 86 24
6 7 18 29 4 47
55 56 58 48 78 16
43 44 46 57 17 79
53 54 24 38 86 55
5 6 48 71 14 29
49 50 52 36 7 90
14 15 40 63 6 71
7 8 55 22 1 82
17 18 26 55 22 29
19 20 5 78 85 12
13 14 48 31 69 89
8 9 12 54 40 71
46 47 41 77 96 40
0 1 46 95 15 12
45 46 42 85 16 95
38 39 13 77 91 25
26 27 14 97 32 78
9 10 1 4 47 3
36 37 14 31 8 26
42 43 17 45 32 17
12 13 50 72 73 94
40 41 22 44 38 57
18 19 15 39 56 17
30 31 22 10 67 18
39 40 51 68 15 52
22 23 40 69 99 98
28 29 5 93 8 96
47 48 43 2 27 79
41 42 10 46 86 98
37 34 5 30
22 23 21 63 89 20
10 11 44 31 43 100
33 34 0 4 29 85
20 21 13 9 41 53
21 22 13 87 95 22
29 30 45 67 64 13
17 18 19 53 74 48
34 35 15 36 37 67
28 29 30 82 71 2
30 31 26 47 53 81
7 8 54 74 16 29
25 26 56 35 66 42
12 13 8 39 81 44
3 4 59 8 74 25
2 3 21 22 92 70
14 15 42 13 17 15
4 5 23 32 61 20
15 16 47 23 59 45
31 32 46 37 75 13
35 36 41 70 92 66
23 24 52 35 39 65
13 14 35 71 72 37
6 7 20 68 46 82
19 20 12 1 74 2
9 10 34 72 39 89
24 25 5 73 3 8
16 17 12 47 100 49
0 1 53 90 43 6
26 27 43 16 94 71
32 33 53 10 78 92
11 12 25 48 22 48
5 6 32 34 20 50
8 9 38 71 35 34
18 19 59 90 78 57
90 82 9 74
54 55 37 11 8 59
23 24 6 78 88 90
8 9 25 87 1 87
12 13 20 94 91 26
60 61 6 66 22 82
15 16 13 51 4 55
26 27 43 54 88 14
73 74 31 1 47 39
18 19 34 5 21 36
51 52 38 28 33 57
7 8 58 4 87 25
2 3 42 93 11 94
1 2 44 7 47 54
70 71 44 88 36 55
44 45 58 30 85 4
0 1 58 92 30 71
85 86 19 17 72 10
87 88 31 47 100 100
88 89 49 3 72 58
55 56 6 96 12 0
78 79 39 23 15 24
49 50 3 59 33 49
21 22 51 50 5 82
67 68 56 24 37 38
47 48 48 36 1 80
40 41 35 69 24 94
74 75 2 20 21 54
37 38 42 44 17 91
61 62 42 41 61 47
82 83 51 41 32 37
36 37 49 76 20 22
6 7 28 16 4 20
58 59 39 89 21 65
56 57 44 74 58 25
35 36 25 34 29 47
66 67 49 17 43 69
25 26 0 4 35 14
48 49 43 91 61 85
46 47 10 96 18 72
17 18 8 30 75 79
62 63 13 95 73 81
50 51 43 8 52 55
27 28 51 8 82 51
80 81 31 39 21 100
86 87 55 62 51 92
34 35 51 39 77 74
83 84 28 31 49 15
19 20 26 33 95 50
30 31 23 30 87 68
76 77 38 43 17 27
81 82 0 32 38 73
29 30 25 34 10 9
11 12 18 6 4 82
5 6 37 42 78 13
38 39 40 94 6 95
65 66 52 1 27 38
41 42 21 82 19 15
14 15 7 71 52 75
33 34 23 76 88 82
20 21 23 33 73 9
22 23 17 11 95 66
39 40 31 73 8 92
84 85 17 81 69 73
77 78 51 8 25 11
52 53 13 73 90 0
16 17 8 70 84 45
10 11 34 59 54 76
31 32 20 54 46 7
43 44 54 13 49 12
13 14 51 23 35 0
9 10 49 16 3 1
24 25 58 7 38 39
45 46 6 51 74 95
64 65 20 66 93 84
59 60 22 15 8 4
4 5 32 53 34 27
32 33 48 26 46 7
68 69 45 95 47 62
75 76 4 2 67 18
42 43 57 7 33 19
69 70 6 5 32 25
63 64 7 56 21 6
53 50 5 14
27 28 36 16 70 59
23 24 54 13 63 16
0 1 32 88 26 31
41 42 45 2 21 97
42 43 22 18 39 56
7 8 18 64 98 0
16 17 23 94 68 31
21 22 56 9 46 26
4 5 17 76 65 48
31 32 4 33 57 91
46 47 40 95 98 18
22 23 38 76 26 67
12 13 10 16 49 44
47 48 26 13 95 65
35 36 38 66 2 68
50 51 56 91 29 47
38 39 11 6 73 99
6 7 24 24 8 90
25 26 26 73 34 22
8 9 11 76 26 53
48 49 26 7 19 84
15 16 28 59 19 79
18 19 27 23 45 31
49 50 2 59 6 60
3 4 6 86 81 87
36 37 48 96 84 34
13 14 5 25 42 100
24 25 2 36 78 83
33 34 23 97 87 46
20 21 21 42 6 47
10 11 30 74 73 72
32 33 56 72 38 14
26 27 8 33 84 100
28 29 10 69 37 54
17 18 17 25 13 65
39 40 52 4 91 2
1 2 9 71 5 26
44 45 57 62 89 46
19 20 31 85 67 82
43 44 13 64 87 73
5 6 52 63 3 52
40 41 27 2 89 2
14 15 51 3 26 55
45 46 49 61 83 93
30 31 30 24 59 96
37 38 22 40 78 65
2 3 11 48 38 46
34 35 55 94 36 25
11 12 12 90 73 94
29 30 2 81 89 25
45 38 6 37
8 9 8 24 87 38
34 35 15 44 35 66
5 6 8 83 16 60
37 38 46 32 19 61
18 19 46 69 71 39
26 27 25 5 43 16
6 7 47 98 90 0
21 22 14 17 9 92
36 37 40 48 12 30
0 1 47 58 45 72
41 42 42 9 18 50
12 13 26 29 55 19
42 43 28 28 69 86
38 39 25 39 65 62
31 32 44 91 23 17
10 11 34 10 47 93
29 30 40 9 57 28
28 29 56 46 56 25
32 33 15 45 69 84
30 31 45 54 76 64
24 25 24 62 73 28
35 36 4 55 40 35
11 12 29 66 40 40
16 17 52 79 45 60
7 8 7 56 97 82
19 20 6 20 86 42
40 41 17 44 67 74
39 40 36 98 81 76
3 4 37 83 80 74
22 23 27 28 84 59
17 18 4 100 78 79
1 2 40 67 52 82
23 24 37 85 85 84
15 16 19 35 57 22
14 15 57 17 39 27
25 26 8 87 99 73
27 28 1 38 64 0
4 5 55 56 24 69
29 19 11 12
3 4 12 29 72 92
19 20 15 25 20 23
2 3 5 63 11 72
11 12 1 62 12 9
13 14 57 22 88 7
26 27 52 70 33 48
6 7 29 26 79 17
7 8 20 81 51 98
8 9 56 83 66 64
21 22 8 55 8 47
1 2 46 98 97 80
14 15 42 88 75 50
4 5 5 76 75 15
20 21 47 30 47 53
15 16 1 74 65 100
9 10 20 27 98 38
18 19 34 87 60 61
12 13 18 71 11 95
27 28 51 62 15 85
57 55 32 43
45 46 56 31 38 1
18 19 5 16 37 87
44 45 32 39 72 2
4 5 51 36 72 17
11 12 10 73 16 91
36 37 33 59 91 6
46 47 5 75 57 92
3 4 20 4 65 35
10 11 55 94 40 25
17 18 4 24 23 15
21 22 42 10 58 20
25 26 16 1 91 66
39 40 46 54 95 26
19 20 45 23 4 61
38 39 55 12 67 57
8 9 26 12 96 38
26 27 8 1 78 81
14 15 45 78 53 94
12 13 4 23 9 92
27 28 6 82 48 82
16 17 2 11 76 92
43 44 25 63 98 64
34 35 54 95 61 20
48 49 44 71 76 14
22 23 45 89 7 10
54 55 36 35 46 22
15 16 30 43 47 13
49 50 55 66 50 20
29 30 36 3 24 88
13 14 35 20 69 0
9 10 30 5 31 70
23 24 18 45 34 85
50 51 38 40 40 93
37 38 32 87 28 100
42 43 13 71 35 14
35 36 10 84 88 47
5 6 40 45 90 30
31 32 54 10 95 22
41 42 22 1 14 65
47 48 23 13 1 73
53 54 35 10 76 90
24 25 4 55 65 22
28 29 40 47 34 21
55 56 24 82 34 14
2 3 13 9 16 75
52 53 38 6 52 70
32 33 42 78 26 78
51 52 49 53 20 23
20 21 0 100 38 48
1 2 8 52 53 63
40 41 56 32 93 79
6 7 47 98 88 78
30 31 17 86 80 57
7 8 33 90 59 12
0 1 16 29 4 97
2 1 0 1
0 1 10 23 45 8
81 53 21 44
60 61 1 76 46 54
39 40 7 78 88 37
15 16 37 71 55 40
28 29 10 86 87 2
23 24 15 90 44 20
54 55 35 80 22 15
75 76 42 6 9 86
36 37 8 4 78 14
77 78 55 18 27 88
44 45 10 94 28 21
42 43 44 17 33 5
55 56 27 59 74 77
30 31 39 54 85 33
58 59 3 60 62 76
33 34 35 29 69 33
71 72 21 64 97 36
29 30 11 78 45 23
49 50 49 84 79 93
31 32 16 9 92 59
12 13 13 69 46 14
63 64 53 74 38 95
34 35 54 58 17 18
2 3 39 33 18 87
19 20 33 65 72 95
52 53 37 16 25 61
8 9 53 99 77 64
20 21 25 88 57 81
41 42 42 29 89 45
3 4 2 81 1 53
22 23 20 35 62 37
26 27 24 3 54 54
57 58 47 52 27 91
78 79 34 74 57 64
25 26 54 50 17 44
4 5 57 2 86 67
21 22 40 64 97 18
13 14 48 35 69 63
9 10 56 47 81 91
45 46 12 74 33 33
68 69 48 13 29 28
16 17 21 26 36 38
61 62 41 5 57 47
10 11 11 40 35 80
11 12 58 4 10 20
7 8 16 15 51 47
62 63 58 83 62 89
73 74 13 47 84 38
47 48 34 55 52 71
79 80 44 22 68 95
27 28 57 19 40 32
67 68 57 41 60 80
69 70 19 20 97 67
38 39 19 2 71 98
66 57 3 34
37 38 27 35 58 4
47 48 6 13 66 32
4 5 50 20 21 95
20 21 15 96 13 40
64 65 14 18 68 11
11 12 58 58 94 71
61 62 20 97 31 18
10 11 8 33 55 68
59 60 2 18 83 3
30 31 49 44 74 57
57 58 12 56 38 86
29 30 9 70 75 27
24 25 26 90 32 41
36 37 6 5 95 42
13 14 59 20 55 28
41 42 13 1 98 97
56 57 36 91 97 15
62 63 39 27 87 28
55 56 40 21 88 48
25 26 49 69 52 27
0 1 17 60 26 55
6 7 45 59 10 69
7 8 23 62 82 74
9 10 47 5 72 54
44 45 18 90 4 23
43 44 45 65 58 34
54 55 56 83 81 53
51 52 0 69 9 86
26 27 10 100 79 77
52 53 27 22 47 36
46 47 12 6 53 49
2 3 41 93 60 9
12 13 13 51 11 8
32 33 20 56 96 24
48 49 18 63 12 64
22 23 26 87 19 36
5 6 43 51 24 9
38 39 45 91 100 8
33 34 15 62 74 34
34 35 44 55 26 65
18 19 14 60 31 33
31 32 0 73 86 3
8 9 21 25 42 90
63 64 36 93 70 63
1 2 31 54 21 87
45 46 57 76 65 2
35 36 34 85 87 84
58 59 1 3 57 11
49 50 2 18 56 65
19 20 38 13 74 75
17 18 34 76 72 33
14 15 17 8 98 57
39 40 21 37 53 65
3 4 19 63 5 38
50 51 39 3 26 26
21 22 31 37 12 2
15 16 54 27 15 92
14 12 1 8
4 5 50 66 17 41
5 6 26 77 75 75
3 4 9 92 3 31
0 1 51 53 72 70
10 11 13 96 68 78
8 9 37 77 21 5
7 8 25 80 67 55
12 13 22 21 43 81
1 2 11 81 66 0
6 7 35 7 51 57
11 12 29 39 20 18
2 3 18 11 26 3
36 35 12 33
34 35 48 54 14 45
23 24 7 50 3 37
2 3 20 39 42 80
32 33 52 75 53 64
6 7 53 87 60 5
10 11 20 69 38 90
33 34 44 72 21 28
22 23 18 35 23 6
24 25 26 33 76 43
27 28 8 30 86 25
17 18 50 43 49 69
20 21 14 14 74 26
18 19 54 12 33 39
29 30 6 91 38 80
8 9 25 81 100 1
28 29 36 50 26 0
30 31 16 11 80 92
25 26 49 67 58 37
9 10 0 100 74 45
4 5 26 9 57 76
14 15 39 43 4 18
26 27 15 36 63 10
16 17 52 44 88 65
3 4 34 24 34 82
31 32 1 37 23 97
15 16 30 21 99 11
12 13 50 32 37 15
13 14 1 75 38 19
11 12 44 72 41 73
19 20 55 19 82 75
5 6 22 82 35 82
7 8 5 80 77 36
21 22 24 53 91 59
0 1 1 29 62 88
1 2 33 71 73 34
37 35 2 33
2 3 30 74 38 8
9 10 29 12 90 78
17 18 2 30 82 19
1 2 11 73 62 26
29 30 22 97 10 40
22 23 13 39 85 5
23 24 5 20 11 64
6 7 12 10 45 58
11 12 41 71 85 25
19 20 0 62 98 99
32 33 27 97 70 7
7 8 41 1 74 63
16 17 14 52 51 1
8 9 27 67 95 11
10 11 3 59 77 79
28 29 26 78 51 55
35 36 22 9 26 46
12 13 49 93 4 23
4 5 42 57 79 11
33 34 33 8 67 81
14 15 43 19 9 67
20 21 58 4 24 87
5 6 38 56 33 7
25 26 26 63 5 80
21 22 43 46 92 1
24 25 35 56 6 12
31 32 7 22 57 97
0 1 27 35 8 83
3 4 56 92 22 82
27 28 19 13 63 34
18 19 45 74 94 67
30 31 14 49 64 19
13 14 10 46 6 64
34 35 30 53 77 50
26 27 53 92 97 10
59 39 18 55
0 1 41 49 84 92
13 14 53 84 93 9
17 18 28 54 65 8
25 26 54 34 69 32
38 39 25 46 69 92
11 12 17 27 78 75
33 34 7 51 78 33
42 43 20 77 64 66
16 17 46 39 95 45
22 23 6 35 30 96
7 8 38 38 56 17
51 52 47 64 71 97
40 41 46 10 89 43
44 45 11 88 26 88
23 24 10 72 69 29
55 56 37 47 32 77
57 58 28 49 26 38
12 13 33 41 100 39
47 48 37 2 9 7
30 31 52 83 62 22
9 10 32 94 78 64
4 5 32 42 84 4
24 25 14 39 98 64
34 35 9 5 65 22
6 7 37 99 60 4
21 22 40 60 22 54
26 27 5 40 25 56
18 19 54 41 86 8
20 21 40 96 83 81
53 54 59 86 7 34
52 53 58 44 60 73
1 2 30 1 27 48
48 49 37 11 64 89
54 55 36 85 28 16
39 40 38 32 12 60
31 32 53 80 59 68
37 38 44 17 61 53
46 47 52 43 27 24
3 4 47 29 32 52
86 82 39 47
42 43 5 75 75 47
58 59 51 100 31 32
49 50 34 4 49 20
30 31 35 81 41 22
20 21 51 27 1 76
9 10 31 40 76 79
23 24 56 69 59 20
76 77 54 37 93 70
74 75 7 96 55 50
31 32 52 25 56 31
32 33 34 9 34 28
80 81 22 100 2 57
53 54 54 38 93 79
37 38 38 57 89 47
78 79 25 85 29 58
2 3 57 49 21 48
67 68 4 46 44 29
46 47 27 61 10 74
10 11 6 54 14 38
8 9 39 41 8 52
83 84 27 56 3 58
48 49 41 99 3 82
56 57 55 15 71 1
69 70 13 69 70 97
6 7 13 11 94 74
52 53 49 50 72 76
73 74 0 68 95 81
65 66 3 16 67 50
70 71 2 22 16 70
77 78 56 53 36 5
16 17 49 56 30 2
11 12 15 21 92 4
18 19 3 39 20 68
47 48 35 52 23 33
4 5 4 21 20 39
45 46 10 9 2 59
66 67 51 73 19 4
68 69 36 34 64 56
22 23 56 30 88 12
21 22 4 8 62 48
79 80 40 57 15 32
29 30 20 27 36 21
71 72 6 73 31 25
24 25 28 38 22 70
51 52 40 59 78 67
15 16 58 66 56 38
14 15 11 80 9 85
0 1 48 56 67 62
84 85 25 61 19 61
17 18 3 22 47 70
72 73 30 29 81 1
40 41 2 34 16 24
27 28 55 96 44 98
38 39 4 34 99 3
35 36 13 53 14 8
19 20 38 13 26 14
5 6 34 88 83 45
63 64 46 70 66 97
1 2 13 37 86 70
62 63 14 54 40 9
50 51 44 29 36 56
59 60 13 63 85 25
12 13 0 34 72 86
36 37 15 46 21 15
13 14 37 73 39 92
43 44 54 54 97 84
28 29 3 9 4 63
60 61 14 40 5 18
26 27 0 51 88 46
57 58 22 63 68 57
55 56 1 98 19 34
41 42 39 37 95 74
81 82 11 45 74 49
39 40 45 13 61 5
25 26 3 27 48 74
54 55 45 27 27 56
3 4 5 65 18 75
64 65 43 30 39 74
75 76 56 50 8 19
34 35 32 12 18 79
7 8 57 48 39 99
44 45 42 60 55 46
21 18 1 8
15 16 15 19 60 51
14 15 43 77 15 53
7 8 38 21 55 49
9 10 39 60 43 50
3 4 13 98 10 4
6 7 26 84 35 48
0 1 9 26 16 62
18 19 59 20 12 16
17 18 43 50 1 95
13 14 48 10 81 44
10 11 11 82 95 84
11 12 17 14 26 14
16 17 57 30 25 84
4 5 1 97 53 28
5 6 41 28 37 78
19 20 36 83 78 52
12 13 28 63 65 71
2 3 38 73 18 23
28 18 3 24
1 2 40 27 58 87
10 11 25 51 89 91
12 13 51 11 47 26
3 4 51 9 14 16
11 12 33 30 91 69
16 17 57 58 54 96
19 20 8 19 53 98
18 19 48 34 70 88
23 24 6 38 29 16
2 3 41 77 1 71
9 10 29 88 71 99
7 8 42 68 26 63
21 22 25 26 55 26
13 14 41 35 94 72
24 25 2 84 13 23
17 18 27 51 21 76
25 26 49 92 19 46
26 27 35 83 74 71
86 55 43 72
22 23 51 14 48 47
30 31 57 27 28 92
5 6 44 44 9 15
2 3 32 25 80 96
71 72 17 78 80 18
40 41 9 13 24 27
62 63 12 67 94 89
83 84 51 65 41 19
19 20 39 36 79 59
64 65 24 69 81 27
47 48 47 15 18 7
68 69 54 46 16 66
53 54 38 51 14 27
41 42 34 29 68 27
49 50 41 67 73 53
58 59 7 98 64 84
42 43 45 88 53 36
28 29 50 93 93 39
4 5 24 45 62 91
24 25 48 64 43 34
60 61 48 43 93 29
50 51 0 12 13 25
17 18 22 70 51 96
26 27 9 99 24 74
75 76 50 39 68 35
72 73 39 88 92 19
67 68 30 61 94 26
1 2 17 93 54 88
43 44 14 31 78 40
34 35 0 50 23 99
23 24 10 78 49 95
61 62 16 37 67 20
39 40 23 81 50 51
45 46 27 19 47 27
46 47 50 19 75 17
59 60 15 77 26 5
27 28 17 23 30 18
70 71 11 72 71 53
12 13 59 16 79 60
15 16 42 44 79 98
81 82 48 30 37 90
0 1 12 88 13 41
73 74 10 96 51 0
54 55 19 40 10 35
76 77 10 69 51 62
3 4 13 92 16 65
63 64 46 21 97 23
10 11 2 52 97 79
56 57 14 47 2 67
18 19 2 49 5 9
57 58 19 97 44 6
21 22 57 6 10 39
77 78 45 29 27 18
16 17 23 51 38 61
84 85 26 80 19 69
49 37 25 46
27 28 41 78 79 40
8 9 43 99 51 22
32 33 1 46 56 16
38 39 47 17 80 89
12 13 47 78 27 54
1 2 41 20 44 45
5 6 41 14 87 70
24 25 0 61 56 15
4 5 50 84 40 94
16 17 24 36 10 79
23 24 12 6 86 58
46 47 30 97 29 99
43 44 37 59 47 92
34 35 28 74 19 81
7 8 22 35 6 75
18 19 55 44 83 37
3 4 35 65 81 39
44 45 12 67 75 97
15 16 52 12 32 30
40 41 40 20 78 97
37 38 12 11 25 15
21 22 32 67 46 79
19 20 4 54 37 13
31 32 49 68 20 24
29 30 30 59 86 52
13 14 16 59 49 89
47 48 42 52 34 87
39 40 40 12 96 86
42 43 3 36 66 52
9 10 41 16 84 38
35 36 30 11 20 96
36 37 58 91 71 98
25 26 49 36 56 14
10 11 53 28 2 7
22 23 24 100 80 56
0 1 8 26 3 76
33 34 27 24 54 36
46 27 27 45
26 27 59 58 26 34
15 16 28 69 52 8
1 2 54 81 69 14
6 7 31 66 93 73
30 31 56 47 80 97
10 11 40 69 68 6
2 3 2 50 71 90
41 42 43 91 2 58
12 13 52 59 95 0
0 1 34 26 21 14
32 33 22 37 95 31
20 21 36 65 85 52
18 19 10 20 93 58
23 24 35 75 53 80
40 41 3 38 51 36
3 4 22 80 78 42
19 20 25 18 36 49
27 28 9 75 67 98
33 34 18 53 41 49
25 26 22 79 1 80
8 9 8 51 62 85
14 15 15 99 41 2
7 8 43 2 78 68
17 18 39 3 32 21
34 35 35 29 63 21
16 17 44 98 93 10
37 38 27 93 44 71
11 8 4 9
2 3 47 40 72 19
0 1 40 41 63 4
8 9 54 72 71 93
4 5 22 78 54 67
6 7 46 33 20 9
3 4 41 41 90 84
7 8 20 41 32 74
1 2 40 84 22 96
9 6 0 4
6 7 40 1 7 57
4 5 24 24 70 100
7 8 27 99 17 41
5 6 2 63 73 51
0 1 27 73 45 51
1 2 54 22 82 67
33 30 25 32
17 18 22 25 35 84
27 28 43 53 51 18
28 29 45 66 65 94
25 26 35 89 32 24
22 23 45 60 94 41
14 15 52 2 25 67
26 27 12 30 73 21
1 2 57 70 74 50
30 31 23 19 96 16
11 12 38 100 92 3
31 32 11 48 41 45
20 21 21 97 22 77
8 9 33 64 65 68
19 20 18 84 93 50
2 3 37 79 15 66
5 6 23 83 64 32
12 13 43 99 35 42
3 4 27 76 52 27
24 25 24 48 12 24
18 19 26 17 47 18
29 30 36 15 39 15
23 24 23 42 39 4
15 16 53 96 61 0
7 8 21 15 29 50
21 22 7 22 7 91
13 14 40 28 98 35
4 5 55 30 100 54
16 17 59 87 25 26
9 10 25 88 86 59
10 11 23 39 83 20
16 10 9 12
13 14 24 52 61 67
8 9 37 94 17 17
12 13 6 84 32 26
5 6 25 85 24 71
14 15 32 75 56 58
7 8 22 13 1 70
1 2 42 71 10 37
6 7 39 65 37 71
4 5 35 77 21 37
11 12 12 7 65 91
58 52 40 51
55 56 43 17 83 60
24 25 31 5 65 16
2 3 10 51 93 14
15 16 1 52 95 78
7 8 53 63 1 85
47 48 32 65 87 57
45 46 44 59 65 24
42 43 6 12 18 81
19 20 29 44 97 26
18 19 44 14 63 49
3 4 37 19 25 81
14 15 29 16 21 68
9 10 15 45 76 44
46 47 52 15 77 46
51 52 38 58 63 7
28 29 46 2 11 95
11 12 51 63 98 7
32 33 50 74 59 59
53 54 43 20 77 97
54 55 54 64 98 48
29 30 20 51 2 29
49 50 32 31 59 30
48 49 47 2 61 69
5 6 41 68 36 63
34 35 35 39 36 14
56 57 58 30 38 87
22 23 32 80 49 36
21 22 54 12 69 21
31 32 27 29 38 67
8 9 55 22 33 60
35 36 43 29 63 74
30 31 35 14 12 18
43 44 43 66 38 92
33 34 51 49 2 50
17 18 51 35 78 51
12 13 37 58 79 33
50 51 19 32 55 70
0 1 16 27 98 71
6 7 7 18 25 35
4 5 29 90 43 85
27 28 9 93 78 38
38 39 10 79 24 99
23 24 1 68 97 3
41 42 26 28 96 83
37 38 33 84 45 56
10 11 24 80 99 100
52 53 4 29 68 49
26 27 54 23 30 14
39 40 29 97 44 11
36 37 37 78 69 77
44 45 50 54 34 67
20 21 22 56 39 93
3 2 1 2
0 1 13 40 9 17
1 2 23 11 54 24
54 43 12 48
16 17 19 73 65 18
49 50 54 90 50 60
14 15 18 54 87 79
4 5 34 69 81 35
30 31 24 73 28 74
32 33 13 21 16 3
22 23 48 100 78 30
3 4 4 65 91 22
40 41 16 32 37 44
39 40 22 84 43 48
41 42 48 74 98 19
50 51 37 5 100 51
20 21 50 22 5 10
46 47 25 1 93 15
45 46 28 92 70 18
2 3 56 87 54 52
24 25 8 94 3 21
51 52 16 66 14 6
5 6 59 31 32 29
19 20 46 25 2 50
0 1 44 53 14 98
42 43 16 97 50 9
17 18 26 8 83 52
23 24 2 57 3 65
52 53 2 32 29 30
38 39 50 23 4 42
29 30 45 34 60 10
33 34 38 40 69 91
6 7 59 100 63 90
31 32 26 91 50 35
21 22 11 85 96 95
12 13 29 78 83 40
11 12 28 72 25 74
28 29 48 28 43 36
48 49 5 5 21 57
7 8 8 83 86 12
25 26 28 1 85 3
37 38 38 58 96 68
10 11 2 92 76 83
1 2 22 16 86 23
13 14 47 55 75 41
44 45 16 70 55 93
18 19 0 15 54 55
35 31 29 33
25 26 35 17 60 65
27 28 45 49 14 38
8 9 28 25 84 11
29 30 35 7 59 50
4 5 30 100 60 38
26 27 56 61 99 92
15 16 37 65 65 23
7 8 57 35 99 76
33 34 55 7 59 22
24 25 55 26 71 32
3 4 4 55 28 56
1 2 24 32 57 56
16 17 40 38 46 3
12 13 45 28 80 96
21 22 21 34 96 57
30 31 59 54 5 38
20 21 23 97 63 95
23 24 45 94 8 15
28 29 1 63 35 8
14 15 30 68 65 31
10 11 18 8 10 69
22 23 22 49 43 80
19 20 56 84 77 17
11 12 13 48 86 49
13 14 30 76 62 90
6 7 46 25 33 27
0 1 49 21 21 81
2 3 58 89 70 21
17 18 59 33 90 24
9 10 45 90 86 34
5 6 5 63 90 20
44 10 22 43
8 9 52 16 38 68
20 21 41 49 21 80
10 11 26 35 85 68
40 41 40 51 81 77
31 32 25 59 63 0
9 10 44 35 1 97
1 2 31 76 86 78
0 1 7 74 63 9
37 38 35 61 99 22
29 30 50 40 51 89
62 57 21 60
22 23 44 93 53 61
28 29 50 36 92 48
44 45 48 63 25 44
33 34 38 99 44 84
23 24 31 51 6 18
21 22 41 28 12 91
14 15 56 9 90 78
31 32 33 62 57 69
12 13 28 16 15 43
20 21 51 66 4 100
47 48 9 51 26 54
60 61 10 72 10 88
35 36 22 31 61 80
48 49 35 73 86 15
17 18 3 51 9 12
16 17 33 7 36 18
34 35 48 15 13 27
38 39 36 11 20 12
27 28 0 62 52 65
45 46 3 95 8 87
41 42 2 16 2 47
49 50 22 13 88 25
7 8 19 12 94 68
30 31 55 45 80 78
46 47 44 78 84 72
26 27 23 53 73 38
43 44 48 26 85 56
29 30 48 59 13 40
24 25 12 72 32 72
57 58 29 73 52 64
25 26 40 3 83 49
1 2 41 17 73 45
37 38 34 15 77 30
0 1 52 53 89 99
2 3 6 34 60 2
53 54 6 76 94 24
10 11 37 90 33 92
15 16 38 54 11 35
54 55 21 21 91 44
6 7 47 64 88 48
36 37 28 52 58 28
8 9 22 12 25 1
42 43 46 1 98 21
40 41 22 3 4 96
18 19 58 78 66 93
51 52 12 3 8 51
19 20 8 60 77 66
59 60 18 37 76 80
13 14 33 23 66 9
50 51 17 44 76 85
56 57 26 21 15 58
11 12 33 59 84 52
4 5 5 18 74 42
5 6 25 24 64 56
58 59 4 90 21 30
39 40 56 38 66 7
3 4 20 50 25 38
91 86 17 48
23 24 45 86 64 53
83 84 15 3 11 2
34 35 15 34 36 74
56 57 33 61 62 68
60 61 30 9 99 32
55 56 2 89 97 99
76 77 9 21 69 83
19 20 33 56 66 23
64 65 33 28 25 21
21 22 30 65 53 21
50 51 1 53 95 78
17 18 57 6 21 49
0 1 10 44 65 34
89 90 56 67 89 32
15 16 24 11 46 30
62 63 13 75 95 3
2 3 5 5 35 64
69 70 39 6 40 89
43 44 34 4 86 73
72 73 49 60 32 98
10 11 10 96 75 90
81 82 17 52 98 94
38 39 12 41 61 45
37 38 12 88 33 39
61 62 19 63 6 95
54 55 4 1 93 7
65 66 30 67 63 67
57 58 43 25 58 54
71 72 19 31 1 10
86 87 29 22 83 93
13 14 4 28 43 63
51 52 40 8 18 91
32 33 29 10 40 58
88 89 42 83 82 58
29 30 23 77 86 28
4 5 55 48 33 47
79 80 10 46 85 77
35 36 19 91 44 5
8 9 7 37 6 27
20 21 17 26 27 21
66 67 1 6 3 59
77 78 51 41 48 80
52 53 6 66 71 48
75 76 47 44 37 93
59 60 16 87 1 40
42 43 4 67 37 98
31 32 53 80 86 65
22 23 11 58 92 20
26 27 26 71 37 90
9 10 42 97 9 29
45 46 35 3 37 85
28 29 39 64 95 36
24 25 2 74 49 91
67 68 29 65 53 59
6 7 16 91 36 98
78 79 22 38 37 69
1 2 53 43 37 76
16 17 44 69 70 7
12 13 15 77 44 52
33 34 33 38 9 83
82 83 41 61 91 62
73 74 40 24 81 84
84 85 58 8 15 61
41 42 42 87 90 30
87 88 42 68 24 43
3 4 23 1 80 33
5 6 19 83 66 53
44 45 52 62 11 49
80 81 32 46 51 92
53 54 22 60 10 40
47 48 35 32 54 45
70 71 52 21 50 18
7 8 37 26 82 12
74 75 34 44 25 88
58 59 13 41 94 86
39 40 17 47 2 27
40 41 14 71 67 80
11 12 3 10 74 57
36 37 58 10 4 71
27 28 39 73 100 91
14 15 37 63 17 12
68 69 10 17 66 14
25 26 5 52 93 10
30 31 28 48 5 73
63 64 49 86 53 10
46 47 8 37 19 97
81 79 1 66
38 39 14 69 19 43
67 68 28 56 6 27
2 3 4 81 26 50
72 73 43 89 66 100
8 9 34 25 66 20
36 37 12 56 49 67
39 40 21 84 39 26
49 50 51 55 10 71
29 30 7 39 15 58
18 19 34 55 69 76
48 49 23 68 20 16
26 27 49 36 88 35
21 22 59 49 5 13
10 11 49 54 23 47
13 14 25 22 83 39
9 10 56 25 17 96
57 58 40 26 98 2
45 46 29 28 32 79
33 34 47 87 99 85
70 71 33 12 65 45
37 38 29 52 71 2
51 52 57 92 46 59
77 78 32 6 80 90
71 72 55 99 57 63
55 56 53 70 90 71
11 12 58 73 68 9
53 54 20 60 25 64
34 35 4 14 15 82
1 2 18 78 97 99
22 23 16 52 52 5
52 53 56 33 19 87
63 64 5 20 62 62
12 13 55 44 94 13
23 24 21 63 69 41
41 42 21 91 60 20
64 65 54 50 55 14
56 57 27 75 8 98
61 62 18 50 27 8
24 25 11 20 91 11
60 61 44 60 97 40
4 5 7 8 88 72
19 20 4 72 52 79
75 76 35 86 26 66
54 55 35 40 6 47
17 18 43 58 36 4
20 21 41 63 27 97
65 66 24 7 41 76
28 29 35 37 11 84
6 7 0 51 56 65
73 74 54 50 87 41
74 75 44 97 72 44
25 26 14 65 60 75
78 79 28 80 91 96
30 31 11 21 73 69
47 48 49 59 54 6
44 45 43 76 66 23
58 59 3 86 66 0
31 32 2 46 33 53
76 77 11 93 67 84
79 80 2 63 73 5
42 43 44 84 56 40
40 41 29 96 89 49
50 51 12 5 82 66
3 4 6 95 22 40
68 69 1 12 85 21
59 60 28 54 60 54
35 36 8 8 22 74
7 8 35 100 24 40
27 28 43 23 38 36
32 33 46 99 13 3
15 16 30 95 14 66
46 47 41 74 96 35
0 1 25 50 81 29
69 70 17 41 78 3
5 6 52 4 14 67
14 15 33 52 74 5
66 67 9 49 96 74
62 63 29 99 17 50
16 17 26 16 73 75
100 96 54 82
7 8 48 77 83 35
47 48 34 98 67 58
16 17 35 85 25 2
14 15 26 84 68 23
5 6 13 15 93 8
24 25 27 97 38 23
41 42 45 88 80 6
27 28 41 11 78 7
18 19 54 80 13 51
21 22 58 82 25 44
92 93 9 19 6 77
43 44 35 97 52 97
44 45 29 93 47 46
90 91 37 54 35 9
84 85 37 83 18 13
11 12 17 62 81 40
6 7 36 36 95 100
52 53 43 75 17 60
64 65 10 86 69 47
87 88 46 82 84 95
17 18 52 33 61 84
23 24 17 7 3 7
89 90 6 38 57 100
33 34 11 31 94 12
74 75 54 84 37 86
62 63 58 71 23 30
22 23 55 91 49 84
28 29 11 10 53 93
34 35 1 66 30 50
66 67 47 64 15 4
95 96 38 58 12 4
65 66 31 50 99 42
72 73 56 78 48 26
63 64 14 31 10 73
85 86 21 6 2 35
80 81 1 94 99 39
93 94 12 82 65 43
60 61 22 4 17 39
69 70 46 47 28 91
83 84 11 74 92 27
9 10 54 72 66 50
70 71 4 61 42 2
59 60 25 51 18 35
82 83 44 86 34 78
20 21 8 50 96 50
91 92 32 52 89 50
49 50 39 27 34 26
30 31 51 26 8 0
38 39 43 62 19 77
12 13 17 2 46 7
98 99 39 44 44 55
10 11 45 76 2 68
29 30 48 23 99 88
37 38 36 24 60 47
25 26 42 12 44 45
77 78 25 55 94 24
3 4 29 56 42 79
88 89 39 94 84 27
71 72 58 75 99 6
53 54 19 77 23 8
4 5 59 25 49 27
19 20 11 41 96 52
78 79 10 39 87 54
48 49 40 32 36 92
58 59 59 60 63 38
36 37 56 85 6 83
79 80 38 63 50 35
40 41 44 60 17 81
68 69 47 42 11 22
94 95 13 33 29 12
13 14 28 63 7 8
39 40 3 47 29 91
15 16 58 96 41 7
50 51 43 47 80 25
97 98 10 29 87 55
42 43 49 74 18 55
57 58 6 41 97 60
61 62 27 27 59 61
2 3 38 35 19 92
54 55 45 90 31 61
8 9 25 71 13 84
76 77 28 80 60 36
51 52 22 67 85 63
86 87 53 58 33 5
46 47 24 44 82 89
67 68 13 83 82 50
81 82 36 90 26 25
26 27 35 72 86 3
32 33 45 23 38 52
45 46 20 80 40 67
35 36 48 58 85 44
73 74 12 33 99 73
0 1 46 25 29 71
96 97 33 9 57 78
75 76 56 92 48 24
31 32 11 72 5 37
75 55 5 73
28 29 13 79 52 93
16 17 41 52 97 75
0 1 17 88 41 90
32 33 20 55 12 95
54 55 14 51 80 17
72 73 36 41 77 14
34 35 16 45 67 70
11 12 5 35 68 31
61 62 45 7 1 70
3 4 7 96 28 57
53 54 33 82 93 90
4 5 35 59 30 24
20 21 14 24 64 95
62 63 15 17 78 85
59 60 0 62 44 50
2 3 32 6 83 9
23 24 58 52 73 34
13 14 15 22 16 22
35 36 34 33 70 46
70 71 23 72 67 32
44 45 54 40 50 29
64 65 45 99 44 54
27 28 27 64 7 100
67 68 38 59 67 40
31 32 3 79 46 68
46 47 37 35 21 58
26 27 53 87 37 92
45 46 7 41 32 72
56 57 45 9 80 81
6 7 3 93 8 33
40 41 45 72 60 45
66 67 59 72 1 47
43 44 5 95 10 15
1 2 24 26 48 17
51 52 18 82 94 21
24 25 30 27 22 14
19 20 30 30 27 97
33 34 5 2 89 79
14 15 8 12 85 10
30 31 42 93 73 59
63 64 58 77 87 56
37 38 36 45 15 65
47 48 14 43 82 100
17 18 20 29 41 2
52 53 38 12 63 85
10 11 56 10 80 20
50 51 5 53 16 83
49 50 8 58 63 32
18 19 35 42 28 41
58 59 32 79 23 81
42 43 48 26 72 21
36 37 25 80 96 49
55 56 53 12 6 65
57 58 43 29 96 30
12 13 57 46 79 41
40 38 6 13
26 27 26 63 13 90
17 18 48 66 39 23
20 21 26 14 23 66
4 5 1 39 57 0
27 28 27 29 98 85
34 35 44 66 73 5
10 11 29 83 28 21
35 36 2 72 7 33
9 10 8 50 90 24
1 2 38 97 70 2
7 8 35 13 58 35
29 30 30 29 79 73
12 13 43 31 84 3
0 1 55 80 41 100
11 12 58 43 95 7
14 15 20 10 64 15
5 6 12 28 29 97
19 20 55 52 83 37
36 37 56 57 55 71
30 31 55 88 8 0
24 25 16 85 32 10
3 4 47 100 52 53
25 26 25 98 48 23
33 34 50 58 7 98
37 38 30 66 4 41
2 3 12 47 6 93
15 16 34 90 8 56
6 7 9 18 74 76
23 24 14 21 30 52
8 9 16 67 4 45
22 23 47 84 69 6
32 33 33 35 62 97
18 19 35 64 1 94
38 39 59 84 27 69
28 29 14 45 98 32
31 32 46 14 69 97
16 17 17 27 99 15
13 14 8 37 23 80
3 2 0 1
0 1 6 24 76 74
1 2 0 55 72 46
100 56 49 61
61 62 45 59 21 97
8 9 54 67 4 21
96 97 39 76 90 36
17 18 24 11 79 96
37 38 17 63 76 82
30 31 36 52 46 39
43 44 11 74 91 88
77 78 36 17 18 60
51 52 42 55 82 39
58 59 17 48 71 85
81 82 39 93 32 44
95 96 51 43 74 59
87 88 47 22 38 56
79 80 4 67 52 9
52 53 21 1 90 34
88 89 24 6 80 76
86 87 19 11 15 90
75 76 30 31 84 83
2 3 14 12 60 15
35 36 15 5 21 0
66 67 13 100 100 41
57 58 44 8 26 60
73 74 42 88 89 79
54 55 48 90 95 35
83 84 47 62 15 31
24 25 5 47 47 79
41 42 2 24 9 46
68 69 56 58 28 57
33 34 23 3 27 96
18 19 27 9 72 9
9 10 1 28 2 43
74 75 49 93 21 47
1 2 42 51 60 4
85 86 51 52 84 27
56 57 36 26 9 66
42 43 49 81 57 58
26 27 56 32 12 46
40 41 50 60 76 65
3 4 43 47 89 45
98 99 21 81 21 60
11 12 54 62 26 38
28 29 47 6 86 98
49 50 40 12 26 100
84 85 12 10 54 71
19 20 37 84 58 55
22 23 43 63 70 69
50 51 14 92 7 70
48 49 34 6 54 72
16 17 7 12 31 20
59 60 6 82 15 16
76 77 45 29 51 73
89 90 50 35 43 26
29 30 12 69 10 51
39 40 6 8 13 35
55 56 2 44 58 62
36 37 28 20 25 49
100 77 13 78
31 32 33 62 33 26
22 23 56 12 38 25
26 27 37 8 46 4
64 65 46 83 19 14
86 87 5 97 56 91
11 12 7 9 70 10
78 79 18 50 26 32
4 5 38 47 16 45
7 8 52 11 6 93
23 24 43 58 59 41
18 19 35 21 62 6
12 13 40 84 86 48
71 72 6 72 64 64
27 28 3 22 36 25
96 97 8 61 91 93
8 9 59 22 73 56
47 48 2 51 30 49
50 51 43 18 50 6
38 39 9 59 87 43
75 76 57 44 8 75
62 63 32 69 24 11
34 35 53 20 20 15
44 45 36 72 85 87
74 75 43 93 88 48
59 60 16 64 32 62
16 17 38 67 76 73
13 14 0 86 19 46
68 69 27 24 6 92
94 95 40 5 2 89
98 99 3 82 64 72
60 61 40 96 96 95
42 43 2 55 18 0
1 2 4 50 6 74
70 71 32 8 70 91
3 4 17 80 52 57
91 92 51 42 69 12
14 15 43 42 1 98
19 20 3 39 91 21
61 62 5 48 42 4
41 42 22 97 80 35
80 81 5 42 81 72
43 44 13 95 90 38
24 25 27 51 19 85
20 21 18 27 97 47
52 53 41 93 99 63
87 88 9 49 36 88
45 46 5 82 24 21
97 98 48 46 51 47
55 56 36 93 98 10
79 80 26 85 50 92
53 54 18 48 54 71
0 1 32 23 16 91
21 22 5 12 54 12
54 55 34 10 61 75
25 26 36 39 50 16
85 86 48 28 44 32
10 11 9 28 45 81
89 90 35 65 45 76
83 84 1 63 93 88
15 16 47 75 23 58
49 50 28 19 51 64
17 18 23 49 5 2
46 47 17 39 60 59
84 85 53 83 47 6
58 59 8 86 70 51
39 40 20 22 15 24
88 89 36 65 40 52
32 33 48 45 3 76
76 77 34 16 6 66
28 29 14 93 39 46
57 58 19 2 36 43
33 34 21 64 24 9
72 73 35 68 2 3
9 10 42 52 67 40
92 93 10 47 23 62
65 66 52 64 9 95
82 83 16 7 10 63
100 70 2 74
82 83 19 10 72 51
81 82 46 50 35 41
10 11 58 58 18 17
3 4 52 96 21 78
94 95 7 63 72 8
27 28 20 72 50 78
62 63 33 5 74 95
73 74 6 56 38 70
49 50 17 10 84 91
70 71 35 52 71 61
86 87 7 62 37 97
55 56 14 65 37 66
28 29 56 9 80 64
8 9 48 95 86 92
1 2 52 94 60 40
15 16 10 81 63 92
84 85 39 55 30 52
71 72 6 41 28 79
11 12 47 45 93 97
5 6 46 64 60 26
25 26 4 81 86 43
98 99 47 69 11 70
36 37 14 53 40 18
30 31 31 1 66 23
44 45 45 56 22 16
43 44 17 32 60 67
85 86 56 44 93 36
26 27 14 5 69 47
66 67 32 53 13 7
95 96 42 53 35 28
35 36 40 29 20 96
16 17 29 44 86 9
45 46 0 29 22 63
78 79 22 42 91 72
69 70 2 10 36 68
34 35 45 40 57 58
23 24 38 43 9 87
96 97 10 22 86 19
93 94 45 63 11 65
92 93 50 59 37 19
79 80 54 47 56 88
51 52 32 18 55 67
46 47 42 53 2 20
39 40 52 53 72 12
89 90 23 17 89 97
21 22 55 19 48 29
40 41 47 24 46 60
72 73 44 6 78 60
77 78 5 62 40 57
83 84 17 99 11 47
29 30 56 33 75 97
12 13 5 57 69 8
58 59 3 84 41 58
76 77 21 43 20 32
74 75 40 41 21 69
24 25 52 31 17 60
17 18 0 73 35 21
67 68 31 31 21 31
37 38 33 36 79 39
68 69 24 51 39 43
41 42 31 11 34 18
31 32 2 83 23 37
48 49 56 23 19 18
7 8 12 36 1 68
65 66 38 69 37 82
56 57 51 58 65 79
0 1 3 92 24 47
91 92 10 78 84 19
53 54 39 80 53 77
90 91 5 3 24 83
100 86 50 51
63 64 23 67 20 90
17 18 46 44 80 56
64 65 50 96 70 81
41 42 25 15 87 43
39 40 32 42 25 54
10 11 45 3 6 26
57 58 7 60 5 37
56 57 20 14 79 78
58 59 2 8 79 47
36 37 4 12 57 36
3 4 20 68 52 15
2 3 4 68 69 59
19 20 48 22 10 19
75 76 14 75 62 81
31 32 59 37 22 66
43 44 51 10 70 7
42 43 53 77 12 25
87 88 59 7 38 40
77 78 29 30 10 96
5 6 46 54 40 20
90 91 52 46 70 84
50 51 42 15 19 52
97 98 57 37 33 48
98 99 11 21 88 17
12 13 13 28 69 61
25 26 1 57 5 36
78 79 11 53 35 90
28 29 3 49 26 61
61 62 17 20 28 8
21 22 48 38 83 67
67 68 59 43 31 17
47 48 35 34 84 55
18 19 41 98 81 30
73 74 7 25 93 96
69 70 58 15 62 75
74 75 41 94 63 75
6 7 53 60 32 46
83 84 46 17 87 9
93 94 58 45 50 24
49 50 13 51 58 32
30 31 51 8 21 41
32 33 42 29 57 47
95 96 56 23 52 11
52 53 54 64 1 50
14 15 46 13 92 76
48 49 58 10 8 13
0 1 46 21 69 35
4 5 30 81 12 41
54 55 47 7 76 84
60 61 24 61 6 93
94 95 26 11 15 29
81 82 1 26 6 19
13 14 21 87 75 22
80 81 33 68 74 57
51 52 8 82 58 19
44 45 56 79 49 96
82 83 41 16 20 44
68 69 53 42 69 36
88 89 0 64 45 50
33 34 49 32 15 30
85 86 20 86 41 86
37 38 26 84 31 83
38 39 21 64 53 8
9 10 20 12 100 1
11 12 34 84 64 39
70 71 42 28 57 91
72 73 27 18 85 16
26 27 19 37 10 60
1 2 24 51 71 100
27 28 15 93 39 41
24 25 50 28 27 43
35 36 2 88 49 99
29 30 46 24 74 60
15 16 23 89 12 91
62 63 19 63 71 10
23 24 23 64 33 35
65 66 32 31 18 94
22 23 40 89 25 17
59 60 49 15 30 44
55 56 53 35 94 88
16 17 13 99 47 57
71 72 9 44 35 0
34 35 5 67 31 100
53 54 19 97 45 58
40 41 50 21 90 30
86 87 11 25 53 73
100 98 0 99
62 63 37 30 50 39
58 59 32 47 87 97
44 45 24 98 89 58
94 95 4 52 79 90
7 8 32 99 19 75
85 86 50 78 34 57
26 27 19 68 21 19
53 54 42 3 14 63
28 29 22 28 59 79
42 43 24 89 58 51
98 99 44 20 28 90
18 19 41 56 12 49
13 14 32 65 7 26
4 5 47 95 25 5
22 23 37 70 65 74
35 36 47 5 75 47
24 25 3 19 60 39
37 38 4 83 20 34
15 16 3 34 28 85
46 47 45 4 22 18
76 77 25 29 4 3
51 52 25 26 12 1
81 82 21 67 72 0
79 80 51 11 91 49
97 98 42 87 36 27
86 87 23 12 48 100
11 12 16 90 69 53
23 24 18 85 85 37
88 89 47 90 75 67
55 56 6 3 58 44
93 94 32 23 90 42
9 10 31 9 99 3
17 18 59 35 97 96
91 92 6 48 92 44
90 91 25 19 12 62
82 83 48 100 16 8
14 15 0 84 99 70
77 78 41 8 86 53
63 64 10 78 73 47
21 22 22 51 41 17
96 97 7 65 26 95
64 65 22 95 43 76
5 6 49 100 19 74
2 3 3 70 62 87
1 2 18 92 35 41
39 40 25 79 98 38
95 96 23 79 15 78
72 73 57 7 36 57
49 50 8 19 50 89
12 13 38 85 25 25
32 33 34 1 97 72
80 81 22 97 76 52
6 7 26 20 21 10
30 31 13 12 72 35
73 74 22 61 55 86
0 1 54 43 93 59
70 71 47 99 28 44
89 90 8 62 67 26
87 88 31 89 94 8
38 39 8 1 25 31
59 60 1 5 26 31
57 58 48 52 89 92
10 11 23 43 14 46
71 72 11 97 88 10
8 9 44 94 52 48
84 85 37 96 47 79
52 53 0 26 59 76
29 30 7 61 42 1
36 37 7 33 80 22
40 41 48 97 20 5
19 20 7 81 37 88
78 79 30 42 92 57
31 32 32 22 65 34
43 44 44 77 50 94
69 70 6 47 99 30
3 4 31 4 26 90
48 49 37 32 87 18
65 66 44 1 97 84
33 34 33 2 84 90
41 42 45 68 19 65
67 68 49 13 20 76
74 75 16 40 66 20
20 21 6 28 49 32
60 61 2 55 29 72
34 35 44 4 12 81
66 67 1 40 21 39
75 76 30 71 36 89
47 48 6 35 89 5
16 17 52 20 78 72
27 28 48 49 28 32
56 57 39 2 58 36
92 93 52 11 91 92
83 84 45 96 44 6
61 62 0 15 90 72
45 46 40 82 52 8
25 26 39 79 42 54
54 55 2 65 64 64
50 51 6 55 98 28
100 97 0 99
26 27 46 100 94 32
55 56 19 23 69 79
9 10 43 11 78 21
87 88 47 18 45 27
38 39 20 56 69 64
44 45 9 86 36 73
73 74 47 93 92 11
83 84 10 49 12 26
72 73 23 11 11 21
41 42 52 78 35 83
97 98 20 28 75 62
36 37 1 30 100 24
50 51 19 94 37 29
51 52 5 73 19 36
11 12 50 99 2 78
52 53 10 9 67 12
22 23 46 91 50 83
46 47 8 34 98 51
35 36 23 62 35 11
62 63 6 54 76 53
75 76 26 70 36 10
25 26 6 58 17 25
90 91 54 40 45 8
96 97 0 87 15 62
40 41 52 43 58 100
88 89 59 45 85 98
10 11 36 19 53 0
19 20 45 22 3 1
58 59 36 37 8 29
56 57 27 5 88 75
23 24 9 94 2 75
93 94 4 74 73 61
24 25 30 100 85 81
18 19 23 80 92 71
98 99 58 2 50 71
94 95 2 10 59 8
5 6 36 7 39 6
67 68 20 97 10 52
43 44 57 95 69 3
70 71 56 67 66 17
6 7 10 71 61 72
30 31 33 53 32 91
54 55 4 44 7 83
12 13 4 50 58 83
4 5 35 78 96 0
48 49 21 20 66 83
8 9 34 29 75 22
16 17 20 30 80 16
86 87 59 17 63 6
53 54 8 82 81 29
47 48 31 64 65 83
81 82 47 57 47 31
65 66 13 31 62 85
7 8 14 69 26 61
82 83 54 65 34 97
61 62 25 74 30 17
0 1 5 62 17 22
80 81 43 60 80 5
95 96 27 3 85 39
14 15 8 96 53 54
92 93 12 68 75 92
15 16 37 50 43 46
68 69 29 82 3 49
34 35 38 21 12 83
2 3 36 79 37 71
32 33 7 100 91 68
20 21 45 58 33 61
63 64 43 98 58 17
13 14 55 26 2 76
45 46 56 22 93 56
59 60 45 64 87 50
42 43 56 84 77 63
71 72 7 21 99 72
31 32 1 60 25 12
84 85 18 73 66 38
79 80 2 86 72 38
3 4 17 26 60 49
57 58 23 17 36 18
85 86 33 35 78 41
27 28 54 5 57 63
21 22 20 84 38 14
69 70 21 70 1 49
28 29 4 25 66 69
39 40 58 94 40 8
76 77 15 47 5 77
29 30 55 71 8 75
66 67 5 3 77 19
37 38 3 17 22 85
64 65 41 43 31 57
33 34 48 87 57 57
1 2 20 28 15 58
91 92 37 28 40 9
17 18 24 64 75 92
78 79 9 63 37 88
74 75 36 40 34 28
89 90 36 38 39 88
60 61 16 84 49 21
