100
2 1 0 1
0 1 29 72 26 99
2 1 0 1
0 1 34 80 11 7
8 4 0 1
1 2 56 39 100 65
3 4 53 22 15 2
2 3 18 98 68 12
4 5 1 23 61 97
15 14 10 13
8 9 47 85 69 13
11 12 40 2 47 81
2 3 42 77 26 38
9 10 32 9 10 68
1 2 51 78 61 6
7 8 40 34 27 92
12 13 1 46 78 48
6 7 8 13 51 67
13 14 56 92 48 81
5 6 25 46 50 90
4 5 28 53 99 31
10 11 43 71 36 96
3 4 11 80 92 28
0 1 52 35 40 77
95 84 26 33
59 60 56 7 24 39
70 71 4 17 57 31
30 31 33 45 71 2
82 83 7 90 84 14
35 36 13 17 18 15
39 40 32 41 80 71
92 93 37 28 78 36
13 14 28 74 90 75
24 25 54 93 5 10
53 54 41 94 35 85
44 45 13 85 56 95
50 51 13 48 55 2
1 2 44 35 15 35
58 59 46 21 43 36
71 72 12 99 21 99
47 48 42 95 15 5
28 29 42 30 33 70
43 44 59 65 66 29
63 64 30 57 78 47
69 70 24 48 44 76
46 47 29 43 71 83
86 87 0 37 89 88
89 90 49 54 12 73
14 15 59 29 63 1
9 10 3 79 27 54
42 43 49 63 67 16
25 26 8 9 94 89
90 91 21 64 93 83
19 20 2 86 8 89
56 57 48 81 68 98
76 77 46 23 10 40
91 92 1 27 66 7
2 3 25 19 100 93
75 76 26 3 46 82
37 38 20 22 69 84
34 35 19 28 72 37
18 19 49 64 43 61
40 41 7 26 37 10
62 63 33 1 54 5
45 46 18 27 71 82
79 80 7 90 76 88
72 73 34 62 6 63
66 67 35 58 94 41
52 53 9 26 23 50
27 28 15 98 61 75
48 49 24 35 80 36
15 16 43 27 19 83
85 86 7 1 31 9
32 33 13 73 8 15
60 61 17 52 87 10
8 9 50 97 64 7
31 32 44 29 3 1
61 62 48 51 86 95
49 50 39 34 86 64
16 17 22 65 89 86
26 27 56 10 75 15
55 56 38 70 52 19
33 34 26 52 46 51
93 94 38 64 4 49
21 22 57 16 74 82
22 23 31 13 64 97
51 52 56 65 57 46
80 81 12 25 80 98
81 82 18 71 19 33
67 68 19 23 46 28
20 21 43 13 26 27
29 30 18 75 52 70
0 1 29 18 97 67
17 18 43 66 58 57
3 4 57 91 84 8
74 75 18 59 82 31
84 85 8 80 25 8
54 55 58 7 93 31
36 37 39 90 49 75
77 78 47 20 38 64
64 65 16 14 49 26
11 12 44 54 51 42
4 5 50 44 54 28
65 66 11 40 52 92
88 89 21 45 70 47
38 39 49 79 71 80
12 13 43 82 51 81
73 74 24 58 36 40
78 79 56 8 12 40
72 71 1 66
63 64 12 27 88 75
59 60 44 87 69 9
55 56 30 54 5 7
60 61 43 97 62 83
11 12 25 44 77 78
67 68 57 97 42 81
12 13 2 54 49 26
9 10 32 56 66 71
34 35 39 13 7 81
64 65 15 11 5 18
68 69 22 86 29 48
15 16 53 16 74 72
42 43 32 59 32 78
14 15 37 69 44 47
8 9 58 61 62 87
66 67 54 43 57 9
31 32 11 82 29 85
17 18 46 18 21 69
51 52 50 34 76 28
26 27 27 74 36 31
29 30 37 8 79 42
61 62 0 32 22 47
58 59 38 18 46 17
53 54 33 51 91 27
22 23 32 25 63 29
43 44 15 11 61 79
30 31 57 37 77 16
40 41 50 1 55 84
38 39 29 24 98 92
0 1 12 15 37 92
20 21 51 71 82 19
49 50 54 68 11 32
1 2 25 16 6 89
6 7 42 52 59 23
18 19 50 15 45 17
57 58 27 15 32 85
5 6 28 96 26 72
52 53 32 81 65 61
25 26 18 86 93 20
2 3 13 48 9 77
45 46 36 40 85 37
13 14 3 62 84 47
19 20 8 86 78 48
39 40 13 64 86 76
48 49 27 45 17 39
47 48 30 37 15 84
24 25 48 78 92 34
70 71 5 44 25 63
35 36 58 99 50 87
54 55 35 54 22 8
32 33 18 47 79 22
50 51 34 77 18 52
16 17 49 73 63 69
41 42 9 83 87 55
44 45 49 14 36 45
69 70 17 16 68 53
27 28 13 5 58 92
4 5 0 96 49 58
7 8 35 7 7 71
62 63 2 63 52 30
56 57 6 52 37 66
23 24 8 22 60 38
33 34 49 75 64 52
3 4 22 75 95 65
46 47 58 10 67 21
21 22 51 37 49 50
28 29 14 30 95 0
37 38 21 13 34 65
36 37 13 21 4 5
65 66 44 57 32 94
10 11 7 54 38 2
57 47 0 39
9 10 33 46 50 81
43 44 5 88 80 54
3 4 10 88 33 51
33 34 0 41 52 45
38 39 58 27 33 43
1 2 0 87 18 90
53 54 53 16 51 56
23 24 38 3 62 5
4 5 12 84 94 46
41 42 33 92 65 17
52 53 5 26 64 45
36 37 53 42 5 22
17 18 51 15 60 38
16 17 12 96 44 23
25 26 43 35 16 65
49 50 18 92 30 55
11 12 19 87 34 20
18 19 31 1 31 57
22 23 16 9 11 93
24 25 10 34 40 3
32 33 6 69 79 29
5 6 13 62 73 64
39 40 53 31 33 62
27 28 50 77 86 6
6 7 19 8 54 11
7 8 45 80 66 68
40 41 40 47 46 4
29 30 52 99 52 8
54 55 9 76 41 27
21 22 41 14 89 31
51 52 25 76 1 23
44 45 15 42 95 67
42 43 57 80 61 16
13 14 36 9 47 91
2 3 41 46 74 83
0 1 14 56 88 52
34 35 3 85 97 58
35 36 16 22 30 94
14 15 4 100 30 69
50 51 42 78 12 66
28 29 53 37 35 27
47 48 20 97 92 63
46 47 35 33 96 74
31 32 36 18 83 13
37 38 32 70 64 81
30 31 17 98 43 93
19 20 15 40 27 46
83 78 20 23
57 58 28 78 42 13
63 64 6 5 19 83
47 48 55 92 52 89
12 13 31 26 8 85
37 38 16 67 89 1
71 72 41 19 42 72
17 18 7 9 97 71
22 23 55 52 18 17
61 62 24 70 46 49
48 49 23 60 35 98
39 40 11 41 60 41
80 81 9 60 100 57
0 1 59 52 59 95
56 57 1 91 7 99
34 35 58 30 19 19
64 65 41 96 70 58
81 82 10 31 12 51
6 7 41 32 66 90
5 6 36 37 58 47
32 33 39 50 26 46
54 55 26 8 65 31
52 53 13 90 10 56
11 12 31 85 14 19
19 20 22 44 42 97
55 56 13 14 6 97
2 3 33 65 57 39
43 44 43 34 26 83
33 34 20 39 30 3
10 11 56 64 82 9
62 63 23 32 53 19
13 14 55 52 37 12
49 50 13 54 55 22
72 73 28 14 95 57
31 32 41 95 75 0
9 10 15 92 79 76
46 47 26 94 1 36
35 36 37 31 23 31
24 25 20 65 39 77
8 9 9 8 22 65
20 21 6 66 91 72
30 31 28 38 9 20
15 16 48 68 43 81
45 46 30 77 86 92
29 30 22 72 21 79
4 5 37 79 70 6
25 26 21 41 18 11
14 15 55 89 62 6
59 60 0 12 21 54
75 76 42 72 79 21
60 61 9 34 37 74
69 70 36 87 31 84
7 8 3 34 64 94
40 41 2 83 83 83
53 54 39 46 90 27
3 4 23 21 20 62
23 24 25 30 27 43
36 37 56 8 18 67
79 80 23 98 40 28
58 59 10 98 44 45
28 29 21 62 73 69
1 2 14 41 57 15
74 75 15 19 24 50
41 42 39 33 80 50
70 71 26 78 68 11
65 66 50 89 6 1
38 39 28 100 70 93
76 77 3 12 51 72
78 79 34 34 79 34
66 67 36 4 10 50
73 74 52 29 19 69
44 45 4 79 30 84
18 19 59 100 54 95
50 51 11 94 74 59
27 28 2 43 58 43
68 69 17 60 2 12
16 17 9 23 13 2
77 78 9 15 57 38
67 68 28 5 17 16
39 11 8 37
4 5 2 73 95 87
31 32 8 13 86 58
26 27 23 21 63 29
6 7 19 80 23 69
5 6 1 82 75 6
33 34 25 89 62 76
20 21 26 86 6 58
21 22 50 99 36 78
27 28 22 65 7 49
18 19 38 20 83 35
24 25 14 14 80 15
89 81 51 84
28 29 41 94 70 16
55 56 7 39 70 55
43 44 0 90 56 39
80 81 34 21 34 29
10 11 5 73 10 59
45 46 54 73 90 48
15 16 54 48 50 10
61 62 23 65 28 51
40 41 48 20 82 89
68 69 40 4 93 60
83 84 17 78 27 80
65 66 28 75 78 73
18 19 58 20 95 43
22 23 26 87 65 60
0 1 30 75 46 36
69 70 38 73 67 78
64 65 47 62 55 56
16 17 31 94 65 91
8 9 9 30 46 38
25 26 9 53 17 100
66 67 59 35 59 77
6 7 5 91 28 17
29 30 11 10 29 87
74 75 35 15 37 92
26 27 42 40 92 68
85 86 56 59 86 20
72 73 53 81 88 35
19 20 10 53 16 0
75 76 28 22 40 73
63 64 13 58 33 22
79 80 32 61 84 13
67 68 25 25 11 28
11 12 20 41 99 42
23 24 7 97 63 84
53 54 49 82 64 6
12 13 4 72 33 83
34 35 32 73 23 27
84 85 30 24 18 40
73 74 7 57 89 72
48 49 38 34 28 44
54 55 8 8 18 61
70 71 20 62 1 61
3 4 47 21 87 87
76 77 49 3 58 58
82 83 45 53 69 30
81 82 10 85 54 89
41 42 56 88 91 60
31 32 53 42 62 80
35 36 3 69 71 80
38 39 39 26 30 88
4 5 22 84 27 36
42 43 56 84 30 11
24 25 19 79 96 20
77 78 44 31 75 94
2 3 21 87 59 6
13 14 14 100 67 99
44 45 23 59 62 74
30 31 5 89 20 100
7 8 26 99 94 96
1 2 29 1 25 22
33 34 30 60 71 64
20 21 33 14 55 9
14 15 41 23 92 11
36 37 45 99 73 16
51 52 46 37 82 13
32 33 14 88 49 14
49 50 53 27 5 7
39 40 28 61 39 46
78 79 2 45 9 85
21 22 0 66 97 90
46 47 6 88 88 99
47 48 45 61 47 2
27 28 22 78 56 38
60 61 8 70 56 80
37 38 48 16 43 7
71 72 32 19 48 48
52 53 13 78 19 34
58 59 0 3 21 20
17 18 30 78 55 47
87 88 19 28 2 53
86 87 34 97 97 79
55 50 38 54
41 42 13 14 83 21
5 6 40 41 51 51
23 24 47 15 10 63
21 22 41 70 75 90
7 8 22 41 9 67
53 54 21 66 73 16
24 25 5 64 95 56
0 1 37 60 7 70
3 4 44 77 39 53
45 46 21 76 97 14
31 32 9 100 3 56
26 27 33 86 66 93
33 34 55 88 69 76
18 19 20 96 44 29
43 44 59 58 95 79
35 36 28 31 82 48
9 10 57 14 58 40
37 38 4 96 6 20
34 35 10 39 99 4
22 23 19 5 30 71
28 29 29 28 41 67
29 30 51 1 44 33
2 3 58 68 25 100
20 21 25 34 67 30
8 9 15 76 10 52
11 12 51 45 56 43
52 53 29 25 10 29
14 15 40 16 90 58
16 17 56 56 10 24
19 20 34 31 81 26
1 2 47 19 93 62
51 52 45 87 58 40
17 18 44 29 77 87
38 39 2 5 83 46
44 45 10 19 97 46
39 40 11 80 6 23
42 43 35 12 27 37
12 13 59 70 15 16
13 14 36 80 18 93
50 51 55 2 56 39
46 47 37 44 3 18
48 49 3 51 89 99
49 50 13 3 24 89
40 41 5 97 87 88
32 33 11 45 66 78
36 37 2 44 79 64
30 31 2 26 40 75
47 48 40 3 81 81
25 26 28 84 80 71
4 5 30 67 63 31
63 48 8 30
39 40 2 92 78 25
9 10 57 3 84 11
32 33 52 49 63 99
56 57 13 77 48 30
61 62 8 39 34 16
31 32 13 54 5 57
15 16 53 91 13 49
16 17 1 29 57 78
49 50 38 52 16 79
29 30 16 17 67 2
11 12 6 35 90 57
44 45 47 99 78 99
28 29 22 41 89 45
25 26 57 3 33 42
23 24 32 17 7 86
45 46 35 59 55 10
35 36 48 100 93 60
14 15 0 21 97 85
46 47 45 29 1 36
58 59 5 2 74 41
52 53 36 56 64 76
20 21 33 84 96 79
42 43 25 35 14 73
60 61 49 29 94 77
8 9 56 35 6 66
43 44 54 73 76 68
13 14 23 86 16 62
1 2 41 6 24 19
3 4 54 58 98 5
50 51 2 92 62 28
47 48 7 34 95 4
6 7 1 9 94 33
12 13 56 2 59 24
41 42 28 42 54 3
2 3 24 82 84 8
51 52 55 66 39 82
38 39 7 60 50 80
21 22 52 31 45 35
24 25 43 20 44 50
30 31 30 33 45 60
18 19 26 60 86 2
17 18 53 21 46 82
33 34 37 52 35 49
4 5 51 40 46 90
36 37 36 84 9 39
34 35 15 22 83 97
5 6 15 62 92 62
0 1 2 26 37 79
24 14 9 23
19 20 43 73 46 24
7 8 7 28 81 86
0 1 17 74 92 73
10 11 31 97 66 23
22 23 13 10 85 11
17 18 18 1 88 26
11 12 25 44 6 19
14 15 0 77 96 2
12 13 12 51 75 24
13 14 38 49 23 35
20 21 47 6 73 88
3 4 16 67 30 45
21 22 17 90 43 43
15 16 11 54 69 93
74 64 11 19
37 38 48 44 25 39
6 7 56 13 8 26
13 14 26 38 18 15
33 34 48 22 41 52
48 49 1 77 25 28
19 20 34 63 88 100
39 40 4 32 45 64
15 16 44 90 95 0
56 57 47 46 76 37
31 32 1 6 81 50
34 35 25 54 52 28
71 72 45 29 80 99
1 2 31 64 82 14
72 73 26 86 27 14
61 62 50 25 26 0
10 11 54 38 26 97
67 68 7 85 38 43
30 31 18 39 98 87
50 51 0 7 70 72
69 70 7 48 97 20
38 39 21 7 28 59
51 52 37 64 54 41
42 43 27 64 22 44
35 36 36 54 32 55
46 47 22 86 45 79
8 9 1 89 24 81
47 48 47 6 58 17
0 1 24 44 56 93
53 54 49 21 62 82
7 8 10 40 67 5
58 59 51 99 72 4
45 46 57 49 41 78
60 61 50 99 2 79
9 10 53 94 83 8
43 44 51 26 14 2
5 6 33 92 56 70
2 3 15 17 30 62
36 37 0 41 66 39
18 19 26 65 10 84
52 53 11 62 62 71
64 65 34 86 50 38
44 45 41 62 96 64
27 28 11 21 40 56
59 60 5 1 1 59
24 25 56 50 31 28
23 24 7 91 70 18
28 29 28 31 63 57
22 23 52 70 74 14
66 67 30 28 42 10
70 71 55 56 33 4
68 69 53 2 21 63
14 15 39 38 86 59
12 13 29 48 82 39
25 26 25 76 73 28
57 58 34 94 76 58
55 56 46 93 6 98
54 55 5 9 81 31
11 12 35 54 55 22
63 64 6 24 79 31
17 18 58 48 72 64
16 17 16 88 46 24
21 22 6 39 6 6
40 41 6 11 38 31
3 4 54 53 78 51
76 73 5 75
39 40 33 87 9 46
18 19 33 4 88 82
61 62 18 39 83 89
68 69 23 76 11 61
71 72 0 73 27 70
14 15 0 95 34 91
29 30 32 35 62 94
20 21 57 77 66 41
48 49 19 40 27 78
1 2 34 24 84 11
5 6 7 10 92 42
69 70 52 35 88 23
12 13 9 53 21 62
42 43 52 14 5 89
54 55 27 72 97 78
63 64 13 40 61 7
13 14 4 9 29 15
15 16 31 9 64 52
46 47 49 60 48 30
65 66 30 63 28 83
74 75 32 90 10 48
43 44 6 50 90 1
49 50 24 72 87 51
30 31 15 76 24 90
33 34 20 68 57 77
64 65 26 33 41 45
44 45 47 3 54 55
11 12 25 81 29 81
31 32 17 27 94 65
9 10 48 57 35 23
4 5 24 69 57 76
55 56 59 94 100 73
72 73 41 82 8 83
21 22 21 12 40 52
59 60 4 6 4 79
37 38 15 46 80 21
2 3 49 5 39 37
23 24 19 98 33 25
38 39 1 97 84 100
70 71 17 13 49 99
41 42 1 54 100 21
60 61 7 19 17 75
36 37 1 75 42 7
10 11 2 60 28 5
3 4 53 70 94 57
45 46 27 82 86 53
25 26 32 77 42 29
17 18 27 65 100 25
27 28 7 84 96 85
50 51 25 100 86 58
51 52 7 91 97 78
35 36 19 4 44 28
19 20 21 58 14 55
53 54 1 54 25 35
66 67 13 78 30 50
22 23 10 47 50 62
47 48 21 51 94 95
34 35 54 59 93 51
8 9 5 71 58 74
52 53 51 100 87 46
0 1 8 40 22 85
28 29 48 85 22 84
67 68 14 98 47 80
73 74 44 8 34 76
32 33 11 33 20 5
58 59 36 11 63 32
16 17 45 35 8 67
57 58 43 36 85 8
62 63 10 48 46 94
26 27 25 79 71 72
7 8 14 31 48 100
56 57 53 50 7 34
6 7 37 87 87 60
98 52 34 62
60 61 45 18 21 54
83 84 7 21 72 53
78 79 10 42 26 73
14 15 27 21 95 47
52 53 51 64 21 35
86 87 8 47 25 37
40 41 13 6 27 15
95 96 20 60 30 36
9 10 3 3 5 18
62 63 34 69 67 60
50 51 57 78 20 83
68 69 23 85 43 73
0 1 43 91 48 63
48 49 0 68 22 69
59 60 25 66 3 7
6 7 10 14 61 100
53 54 39 91 66 15
65 66 22 4 1 26
18 19 1 69 51 98
72 73 30 38 47 32
25 26 3 89 21 99
30 31 28 38 83 10
35 36 30 64 94 19
82 83 26 66 73 17
22 23 23 22 18 53
87 88 7 71 54 37
15 16 11 86 70 90
2 3 28 51 63 10
10 11 19 11 37 46
20 21 25 49 21 88
19 20 51 97 91 13
11 12 37 29 43 14
32 33 12 74 27 91
41 42 14 44 29 85
12 13 59 84 67 33
64 65 28 96 21 31
79 80 47 35 14 60
4 5 25 11 68 23
74 75 36 13 75 73
16 17 7 77 80 10
5 6 43 28 48 46
46 47 57 32 39 91
73 74 1 31 8 3
69 70 1 60 100 72
54 55 8 86 36 59
45 46 11 16 81 41
91 92 18 49 17 11
8 9 28 18 52 18
39 40 16 33 54 78
28 29 22 53 3 23
56 57 18 47 81 72
75 76 3 95 68 0
22 21 12 20
19 20 17 75 68 30
15 16 40 30 9 59
7 8 19 6 10 8
0 1 37 9 16 32
14 15 31 48 15 15
12 13 22 94 97 45
4 5 40 22 60 3
20 21 23 81 67 7
2 3 48 29 46 61
6 7 26 18 67 60
3 4 14 92 97 80
16 17 24 99 3 65
9 10 52 75 98 79
5 6 46 22 67 69
8 9 59 56 25 12
11 12 8 94 95 39
1 2 13 75 82 98
18 19 12 74 96 22
10 11 41 19 62 95
13 14 51 33 30 93
17 18 56 67 23 96
37 26 3 35
8 9 24 88 81 61
7 8 13 20 51 43
34 35 59 91 77 48
16 17 47 7 84 12
29 30 44 80 37 70
11 12 14 44 3 65
17 18 6 59 72 87
19 20 53 24 11 9
21 22 55 82 33 36
12 13 11 37 40 45
25 26 31 98 75 37
26 27 12 7 67 95
33 34 59 4 18 0
18 19 1 98 18 52
15 16 29 47 11 11
24 25 42 8 25 24
28 29 42 82 79 86
2 3 29 40 18 88
5 6 30 34 10 68
35 36 7 12 81 40
14 15 47 69 20 50
3 4 32 20 31 60
6 7 30 60 2 20
23 24 41 56 38 73
4 5 22 56 91 23
27 28 37 47 1 32
66 65 21 61
29 30 50 97 50 5
62 63 3 36 19 55
61 62 31 87 64 69
16 17 26 97 12 66
35 36 47 41 60 52
9 10 2 53 53 5
41 42 53 21 21 84
27 28 23 19 72 5
12 13 40 38 55 16
31 32 54 69 59 73
44 45 39 35 22 69
2 3 13 32 77 36
45 46 7 57 51 49
0 1 4 1 80 82
52 53 44 86 65 21
17 18 27 24 7 89
10 11 13 51 53 48
28 29 36 75 46 26
60 61 34 65 23 95
53 54 13 30 81 94
54 55 13 80 51 81
14 15 5 66 21 89
8 9 35 71 62 53
47 48 20 82 44 91
48 49 17 29 11 92
7 8 10 23 84 81
64 65 33 87 96 43
30 31 54 74 96 63
1 2 23 32 97 20
49 50 22 21 78 25
50 51 38 81 60 77
5 6 49 18 52 73
6 7 29 33 22 1
51 52 14 59 6 18
33 34 4 86 12 77
34 35 38 94 19 92
42 43 27 56 12 16
37 38 16 57 33 23
63 64 12 54 84 75
59 60 45 77 75 75
4 5 41 27 3 21
23 24 21 33 62 8
25 26 27 27 53 70
18 19 29 73 79 43
38 39 2 46 54 57
20 21 17 75 35 97
3 4 39 49 34 100
21 22 12 13 61 34
15 16 28 27 87 44
39 40 36 100 1 43
56 57 4 30 23 66
46 47 28 19 6 73
13 14 2 80 13 91
22 23 36 6 28 41
32 33 22 32 86 91
11 12 45 65 30 34
57 58 7 9 13 64
40 41 38 24 54 83
26 27 48 50 100 81
58 59 17 84 22 86
43 44 3 49 13 13
36 37 27 49 89 20
24 25 36 91 72 12
19 20 20 47 32 97
55 56 34 75 91 65
96 71 21 91
76 77 38 7 75 14
63 64 14 32 21 46
35 36 50 96 22 14
7 8 56 17 30 18
71 72 53 50 13 21
26 27 7 13 7 11
23 24 28 94 76 90
82 83 16 67 21 89
33 34 54 67 77 65
77 78 58 77 89 37
90 91 7 20 27 25
32 33 31 43 91 87
48 49 12 100 39 85
53 54 16 40 74 51
83 84 46 24 75 92
85 86 48 53 93 11
4 5 41 21 10 45
11 12 3 74 80 78
24 25 17 20 18 18
8 9 32 10 50 50
15 16 22 15 70 27
65 66 26 24 87 98
80 81 33 50 40 46
93 94 25 85 6 47
27 28 40 2 53 61
88 89 26 57 74 68
61 62 54 98 17 75
43 44 41 36 97 37
6 7 24 21 66 90
57 58 39 52 45 46
10 11 57 40 36 33
45 46 0 38 10 45
39 40 11 16 36 57
16 17 39 73 85 43
34 35 3 82 59 76
72 73 23 33 62 83
0 1 36 95 74 11
19 20 3 35 90 44
30 31 34 67 94 42
87 88 33 4 96 17
42 43 41 47 69 2
36 37 14 9 81 79
1 2 44 69 79 67
74 75 48 53 78 59
70 71 4 48 6 76
38 39 6 74 89 82
5 6 33 67 7 2
79 80 57 46 78 33
68 69 36 83 85 53
17 18 17 17 1 40
46 47 58 78 85 76
64 65 54 56 96 24
22 23 23 9 76 12
78 79 0 83 29 51
86 87 26 13 26 14
51 52 6 78 68 76
69 70 56 98 32 67
92 93 9 25 53 67
14 15 46 32 5 21
67 68 34 8 93 35
37 38 7 9 71 97
21 22 14 33 90 85
55 56 30 41 46 48
41 42 37 23 35 26
56 57 38 100 5 95
66 67 47 76 6 0
28 29 12 83 57 11
75 76 59 47 13 31
52 53 20 30 12 100
62 63 59 78 25 100
44 45 40 3 72 94
79 72 53 65
11 12 0 49 95 63
32 33 31 93 63 14
74 75 11 63 75 77
19 20 27 67 72 49
44 45 24 65 75 12
28 29 47 84 34 10
46 47 13 20 23 48
2 3 3 17 67 24
76 77 19 45 14 13
30 31 20 90 24 35
54 55 1 10 82 48
73 74 46 43 46 2
31 32 1 68 94 52
69 70 12 23 65 1
55 56 17 13 9 12
36 37 38 25 4 24
3 4 48 48 58 9
1 2 3 8 21 84
57 58 47 81 21 60
72 73 56 16 57 6
5 6 0 61 33 61
37 38 17 21 63 74
23 24 45 85 33 6
66 67 53 23 86 43
67 68 23 2 90 86
12 13 12 24 94 29
20 21 15 83 50 97
64 65 39 11 33 76
8 9 50 54 68 16
49 50 45 76 38 36
58 59 48 10 99 12
42 43 48 25 92 10
6 7 56 61 85 89
47 48 9 93 30 85
15 16 40 71 75 7
77 78 5 100 36 24
60 61 27 54 79 44
68 69 12 35 88 50
22 23 42 20 62 98
52 53 53 27 11 59
45 46 32 46 93 13
24 25 21 78 27 54
50 51 32 57 96 73
62 63 35 88 44 86
21 22 38 70 48 67
13 14 43 11 14 70
0 1 19 84 24 11
18 19 1 20 43 49
17 18 15 65 41 4
10 11 18 17 98 29
51 52 33 7 17 20
59 60 21 94 56 38
4 5 58 92 34 73
48 49 47 54 36 12
7 8 39 87 35 12
56 57 7 49 18 84
65 66 47 93 75 80
61 62 32 50 97 3
29 30 16 40 3 52
14 15 50 88 25 45
16 17 41 70 20 93
75 76 17 55 7 78
70 71 55 81 91 19
33 34 21 100 84 37
53 54 5 84 52 18
38 39 21 23 2 41
63 64 49 46 74 92
25 26 29 1 28 18
9 10 17 64 88 69
34 35 57 20 33 39
26 27 28 45 74 9
43 44 37 20 59 85
6 2 3 4
3 4 58 1 14 10
2 3 40 14 20 60
97 52 16 74
45 46 16 87 12 7
29 30 1 14 75 90
12 13 36 32 32 79
47 48 3 61 68 12
10 11 4 92 86 55
9 10 43 13 34 21
32 33 55 15 30 97
0 1 45 25 15 89
35 36 28 88 78 29
65 66 52 48 84 25
89 90 10 37 20 34
6 7 18 89 26 77
63 64 20 100 62 16
49 50 59 99 73 24
68 69 56 19 8 85
79 80 46 17 92 90
88 89 17 38 74 16
74 75 6 51 7 10
28 29 12 85 48 22
27 28 40 64 15 64
78 79 37 14 86 80
55 56 24 61 53 45
18 19 46 10 82 14
38 39 1 39 60 88
54 55 20 30 97 34
40 41 29 29 41 21
22 23 23 12 81 68
53 54 36 57 97 25
3 4 0 34 10 66
57 58 18 90 92 73
58 59 5 35 36 80
13 14 46 19 92 93
24 25 33 66 21 73
80 81 9 8 24 14
87 88 32 83 28 82
11 12 12 8 91 100
86 87 21 10 98 75
41 42 16 27 69 7
73 74 53 22 95 76
56 57 51 50 23 68
17 18 13 9 66 3
5 6 25 84 50 18
94 95 36 72 29 84
66 67 8 71 90 74
7 8 49 82 56 42
16 17 21 95 54 51
46 47 4 56 93 78
36 37 33 39 22 37
67 68 46 12 48 14
69 70 39 95 53 21
93 94 25 40 82 43
25 26 51 68 96 21
67 44 18 21
63 64 30 97 85 34
33 34 22 49 6 21
14 15 3 18 90 44
3 4 26 51 2 74
24 25 0 80 4 94
7 8 39 81 81 41
21 22 56 63 6 86
62 63 23 88 86 96
41 42 10 46 67 20
22 23 41 61 33 80
4 5 25 42 54 82
65 66 0 9 75 12
32 33 5 56 65 33
52 53 7 79 20 44
36 37 24 82 94 49
58 59 43 85 94 29
9 10 56 21 5 98
49 50 3 5 11 36
10 11 18 94 61 17
27 28 48 52 69 39
11 12 59 53 63 78
25 26 40 16 73 12
15 16 29 30 60 45
42 43 42 88 96 65
37 38 1 61 89 41
35 36 30 18 88 18
48 49 41 28 7 61
19 20 41 72 15 86
40 41 38 11 37 30
28 29 13 38 42 25
17 18 54 64 51 69
43 44 16 72 32 58
60 61 49 100 85 55
55 56 6 53 16 29
39 40 37 6 93 95
47 48 42 93 95 39
45 46 14 32 36 4
5 6 43 59 28 22
44 45 44 29 96 80
0 1 39 51 97 30
50 51 24 78 9 2
2 3 33 25 73 71
13 14 13 2 94 49
8 9 51 49 2 60
43 35 20 35
31 32 44 54 23 39
25 26 55 37 57 18
24 25 17 77 35 48
10 11 28 9 95 5
22 23 20 66 56 100
0 1 51 20 38 93
34 35 27 88 54 60
19 20 14 39 36 46
38 39 25 54 82 68
17 18 8 52 13 36
9 10 32 71 63 10
2 3 28 24 25 63
29 30 20 43 86 65
3 4 13 27 71 67
16 17 12 4 16 9
15 16 17 78 4 84
33 34 29 61 73 63
6 7 28 1 56 77
12 13 27 100 91 76
1 2 5 62 26 58
30 31 6 39 47 48
26 27 8 92 50 23
20 21 54 98 96 72
5 6 47 45 9 14
13 14 43 86 36 17
4 5 13 9 81 75
27 28 52 53 77 89
11 12 6 41 38 80
40 41 57 11 38 10
28 29 4 48 64 37
21 22 46 60 59 55
39 40 29 26 13 51
14 15 42 96 50 68
41 42 13 35 24 29
8 9 30 96 15 61
32 25 5 30
4 5 52 10 29 43
23 24 44 81 54 69
20 21 25 15 24 39
9 10 50 80 12 75
6 7 0 79 38 81
12 13 23 51 8 4
21 22 27 42 18 68
2 3 33 48 71 81
11 12 10 44 87 51
19 20 2 53 81 49
26 27 41 33 62 60
18 19 48 90 36 25
28 29 2 31 5 88
1 2 30 26 95 8
16 17 57 21 80 15
5 6 39 26 33 67
24 25 20 100 12 15
29 30 0 40 21 93
25 26 42 89 5 55
14 15 37 82 38 68
10 11 8 41 51 50
0 1 16 39 77 56
8 9 25 91 33 26
17 18 30 11 45 24
30 31 10 51 68 86
81 62 0 4
68 69 12 1 65 28
4 5 34 31 24 95
26 27 51 7 37 77
37 38 10 32 42 52
39 40 30 86 17 55
49 50 34 80 57 13
58 59 14 34 5 22
3 4 32 93 1 65
21 22 14 87 87 28
45 46 54 50 93 58
8 9 3 91 35 14
15 16 25 49 89 63
43 44 57 96 79 20
47 48 54 29 92 44
74 75 27 96 48 64
54 55 13 89 35 1
66 67 48 85 77 99
61 62 45 78 23 53
34 35 57 69 55 56
63 64 46 50 30 78
28 29 36 50 24 61
6 7 15 72 53 33
40 41 13 20 23 96
50 51 14 88 45 61
71 72 18 16 15 58
31 32 45 65 69 4
33 34 44 19 1 94
24 25 48 9 19 97
5 6 32 94 80 65
69 70 27 97 97 48
42 43 17 90 17 81
17 18 33 19 98 11
36 37 31 85 86 69
13 14 41 58 59 83
77 78 21 79 15 73
18 19 47 4 15 44
56 57 38 76 94 28
75 76 30 83 9 38
10 11 11 81 34 20
72 73 59 26 12 71
12 13 37 66 80 56
30 31 7 61 40 95
64 65 55 33 6 78
1 2 42 73 64 4
9 10 47 52 77 79
52 53 42 35 35 45
73 74 48 91 11 34
25 26 26 66 76 62
35 36 14 14 40 23
19 20 59 94 5 47
0 1 45 84 67 65
14 15 36 8 96 11
59 60 34 90 15 72
2 3 33 39 43 10
53 54 31 79 17 1
48 49 1 38 87 16
55 56 3 83 78 79
76 77 49 37 93 48
65 66 21 66 80 61
57 58 10 60 28 21
16 17 22 38 78 81
38 39 20 20 78 59
68 57 21 60
66 67 4 9 8 47
61 62 21 86 86 67
17 18 38 56 32 66
65 66 21 45 9 73
54 55 40 21 34 8
43 44 45 72 62 37
64 65 39 91 91 84
33 34 20 24 72 0
36 37 46 51 67 6
4 5 51 11 44 82
45 46 13 67 74 25
49 50 22 32 7 95
9 10 36 77 82 61
14 15 51 93 64 44
24 25 32 13 63 92
53 54 46 41 75 83
40 41 17 12 59 33
62 63 50 91 81 95
42 43 58 91 40 84
16 17 56 16 10 16
2 3 14 71 39 49
59 60 15 96 83 75
21 22 41 33 36 92
39 40 53 13 92 80
11 12 38 75 77 70
18 19 21 38 95 74
57 58 25 36 73 45
47 48 25 39 41 75
44 45 19 56 52 42
63 64 1 41 36 63
34 35 7 10 76 84
37 38 48 5 6 21
25 26 58 42 61 80
0 1 9 45 40 37
46 47 1 58 97 10
6 7 47 8 73 77
27 28 39 62 2 37
15 16 6 45 58 77
51 52 0 56 97 38
7 8 30 64 74 85
22 23 22 68 99 46
55 56 55 81 85 93
13 14 48 79 48 52
58 59 5 41 29 30
29 30 37 92 47 58
31 32 49 27 54 15
30 31 58 56 93 11
26 27 18 35 95 66
12 13 49 95 48 99
60 61 49 49 29 18
5 6 57 25 77 40
20 21 1 12 32 26
1 2 10 40 45 18
52 53 10 8 22 0
32 33 3 100 65 25
8 9 32 54 3 35
19 20 3 87 67 31
23 19 16 17
9 10 12 87 13 98
5 6 23 24 76 98
6 7 24 9 80 59
0 1 50 1 22 89
4 5 51 97 41 3
13 14 16 55 8 6
18 19 44 4 64 97
3 4 24 16 46 65
12 13 26 75 48 67
20 21 28 99 45 38
10 11 46 54 68 15
1 2 51 26 86 91
7 8 1 48 7 67
15 16 41 32 12 61
17 18 19 12 4 74
14 15 40 58 83 84
21 22 54 21 90 49
16 17 19 76 93 79
8 9 45 14 16 2
82 76 5 31
35 36 14 37 81 97
51 52 40 33 6 34
63 64 23 25 69 91
62 63 33 23 84 97
66 67 44 77 68 17
54 55 10 68 84 58
65 66 58 41 72 1
72 73 55 82 9 59
7 8 37 29 81 39
52 53 2 88 86 55
19 20 43 22 38 19
28 29 25 41 60 18
23 24 25 36 22 93
31 32 18 46 37 95
64 65 14 82 81 25
48 49 21 3 91 88
24 25 58 2 11 58
9 10 13 20 37 38
5 6 58 72 80 53
69 70 16 32 43 70
34 35 4 58 53 40
36 37 47 57 78 76
33 34 38 68 3 96
39 40 48 73 41 3
68 69 25 93 5 51
40 41 8 89 15 27
56 57 33 14 4 95
11 12 20 21 18 41
58 59 59 70 89 60
71 72 18 90 64 47
14 15 29 47 70 87
46 47 52 99 94 70
12 13 5 32 31 48
8 9 13 24 33 93
55 56 44 95 99 26
20 21 50 85 80 55
17 18 20 98 77 32
49 50 46 14 96 91
42 43 52 56 38 71
76 77 28 72 98 28
80 81 2 6 21 14
37 38 6 90 82 64
67 68 54 50 42 11
41 42 26 92 41 6
61 62 47 79 9 56
53 54 4 80 89 49
77 78 13 50 3 12
18 19 40 74 91 5
70 71 14 14 51 31
21 22 33 14 99 52
16 17 5 44 38 65
13 14 25 36 78 53
22 23 35 5 68 65
0 1 38 19 69 54
25 26 45 98 25 80
50 51 47 9 57 76
6 7 32 86 73 53
15 16 20 2 20 70
30 31 33 29 19 12
4 5 10 73 62 42
29 30 43 7 9 89
32 33 26 67 86 29
74 75 59 100 22 49
75 76 33 17 13 65
10 11 5 74 45 65
1 2 18 26 13 43
44 45 54 94 84 98
57 58 23 53 39 39
38 39 2 43 99 31
27 28 50 37 48 38
3 4 2 87 75 92
78 79 26 62 4 78
2 3 51 68 1 70
60 61 44 26 67 34
47 48 0 62 26 71
43 44 13 80 68 76
25 13 3 9
18 19 18 76 44 62
5 6 41 63 11 75
9 10 11 28 98 17
3 4 36 38 86 4
19 20 47 73 89 71
16 17 28 99 7 45
2 3 32 4 30 8
21 22 43 9 13 80
7 8 58 87 51 80
10 11 53 84 80 76
11 12 34 51 92 50
15 16 27 38 78 35
14 15 13 60 59 63
63 49 37 45
49 50 1 18 36 71
14 15 48 27 54 2
15 16 46 23 73 88
60 61 49 56 89 69
29 30 8 58 37 96
17 18 35 4 72 1
61 62 46 48 84 99
31 32 11 31 2 95
30 31 19 53 27 94
41 42 34 27 18 36
48 49 48 48 64 58
53 54 8 11 22 54
18 19 41 69 97 10
50 51 19 86 25 95
38 39 20 4 21 27
36 37 16 2 99 12
35 36 39 73 50 49
27 28 32 15 16 61
2 3 48 33 66 32
19 20 25 30 1 42
13 14 38 65 47 70
20 21 57 78 97 17
37 38 13 41 30 100
24 25 0 29 38 13
11 12 45 12 2 25
51 52 33 50 12 36
1 2 45 74 8 24
54 55 30 1 37 85
10 11 38 78 22 36
39 40 5 11 99 29
33 34 23 84 54 46
16 17 38 67 62 47
23 24 48 21 19 60
57 58 41 10 96 34
6 7 47 90 10 88
56 57 42 36 93 49
28 29 0 54 69 65
58 59 29 90 3 77
42 43 3 36 96 11
55 56 6 24 61 83
12 13 3 22 15 32
34 35 22 68 18 24
44 45 35 5 26 57
52 53 44 76 96 93
21 22 17 72 12 13
3 4 30 56 33 38
25 26 23 24 25 45
40 41 40 8 11 31
26 27 14 86 80 77
49 45 0 1
35 36 36 3 71 53
8 9 3 79 13 2
20 21 38 25 59 48
32 33 19 30 8 7
19 20 54 60 9 35
24 25 6 25 10 78
11 12 35 58 68 96
46 47 50 40 26 76
13 14 28 35 97 15
31 32 44 28 2 64
36 37 7 15 33 3
12 13 49 66 54 61
15 16 57 64 82 98
30 31 45 94 12 24
28 29 52 60 42 17
23 24 56 20 74 26
6 7 32 70 17 9
40 41 3 94 67 90
27 28 59 70 94 73
26 27 26 61 41 74
5 6 18 26 46 79
29 30 48 5 35 34
10 11 47 28 2 30
1 2 16 31 6 55
38 39 3 70 88 77
43 44 56 83 49 36
3 4 52 68 71 77
2 3 12 7 13 32
42 43 39 5 28 35
21 22 53 51 81 15
7 8 50 22 60 79
9 10 28 33 51 31
47 48 38 40 22 2
17 18 8 48 100 33
41 42 30 29 88 76
16 17 9 99 42 33
0 1 0 95 52 32
18 19 38 65 69 62
44 45 56 38 85 12
14 15 40 30 92 28
22 23 17 11 28 14
33 34 45 6 63 50
37 38 15 8 20 15
45 46 6 38 53 45
25 26 51 83 24 20
71 67 2 31
40 41 48 40 80 4
64 65 5 96 79 51
51 52 47 68 9 44
57 58 27 67 7 26
65 66 16 15 14 60
36 37 34 17 98 0
35 36 16 20 71 67
27 28 55 61 56 71
47 48 32 63 84 77
53 54 52 15 77 66
16 17 51 96 63 44
56 57 35 6 83 26
23 24 9 8 50 69
39 40 44 82 98 80
69 70 49 69 91 56
2 3 36 7 90 39
45 46 13 64 70 85
0 1 17 72 63 57
6 7 30 31 58 90
19 20 54 6 63 100
38 39 22 62 42 61
20 21 21 10 5 13
37 38 18 3 48 72
13 14 24 78 81 91
4 5 21 45 17 9
34 35 25 14 7 39
41 42 37 36 78 21
17 18 58 37 85 37
30 31 9 65 48 34
21 22 11 22 43 33
11 12 27 36 58 2
24 25 36 96 25 58
55 56 36 44 17 61
3 4 23 47 81 11
44 45 21 66 40 33
29 30 48 93 45 60
7 8 13 39 99 36
50 51 44 57 64 70
14 15 51 23 69 35
22 23 16 97 17 47
61 62 12 57 55 30
49 50 30 21 73 38
68 69 1 72 25 17
33 34 22 72 89 82
67 68 17 14 47 39
46 47 55 24 55 100
43 44 3 21 7 74
31 32 50 23 58 20
66 67 25 79 62 3
48 49 39 91 58 80
25 26 6 85 30 77
62 63 41 43 81 15
32 33 49 93 96 13
5 6 29 42 44 35
9 10 21 34 83 0
58 59 21 27 31 54
42 43 24 79 82 69
54 55 6 30 100 53
26 27 53 45 66 5
28 29 12 36 78 49
15 16 27 38 42 37
8 9 52 98 70 14
12 13 36 66 59 84
10 11 33 20 5 59
18 19 16 32 71 10
52 53 23 61 70 78
60 61 19 78 50 47
15 11 2 13
2 3 50 69 66 2
5 6 7 4 23 100
12 13 47 28 39 100
7 8 27 62 35 54
1 2 57 55 90 0
4 5 20 96 84 9
6 7 18 76 51 86
3 4 30 62 1 90
13 14 58 16 99 90
9 10 25 99 96 94
11 12 18 76 99 46
49 24 6 26
23 24 32 52 84 8
35 36 2 58 63 22
11 12 36 98 19 36
30 31 57 31 58 67
28 29 10 37 62 59
47 48 58 15 45 80
42 43 5 32 65 59
13 14 1 59 51 7
26 27 32 27 44 0
33 34 36 93 90 13
14 15 56 75 34 19
44 45 32 15 43 27
5 6 43 15 2 78
25 26 13 50 18 1
34 35 52 10 2 27
10 11 16 51 81 28
39 40 23 93 38 77
27 28 34 29 23 84
38 39 29 52 67 18
46 47 14 54 48 74
7 8 6 69 25 58
12 13 16 48 82 93
6 7 33 73 2 50
8 9 33 45 67 26
91 64 38 50
7 8 52 1 56 16
24 25 59 17 21 3
61 62 34 7 28 9
82 83 41 6 18 19
28 29 45 57 53 89
25 26 1 20 30 54
31 32 54 3 50 9
35 36 15 24 24 72
63 64 27 68 68 37
67 68 45 80 51 8
18 19 52 34 97 80
83 84 9 61 52 14
44 45 34 14 5 37
26 27 55 24 12 94
32 33 13 41 56 52
86 87 21 4 13 50
30 31 27 15 95 64
68 69 4 21 48 7
10 11 19 57 43 93
75 76 42 91 59 64
47 48 1 5 23 33
79 80 8 48 10 48
50 51 51 25 6 18
9 10 32 63 2 85
37 38 22 26 97 28
46 47 1 46 7 47
62 63 31 61 99 88
1 2 38 8 40 24
39 40 26 62 26 60
21 22 15 13 30 50
80 81 22 25 50 18
29 30 35 64 46 87
74 75 55 47 96 67
42 43 52 72 86 78
33 34 41 6 16 25
38 39 27 28 63 70
48 49 21 50 32 50
14 15 14 90 59 86
59 60 52 49 29 42
73 74 10 16 49 41
6 7 0 55 14 8
71 72 45 52 29 15
84 85 48 64 75 10
23 24 35 83 93 44
41 42 53 83 15 37
65 66 5 4 65 97
85 86 41 99 18 75
5 6 37 81 10 65
66 67 47 24 77 70
8 9 28 21 44 2
87 88 52 29 94 61
89 90 22 73 32 29
36 37 17 55 19 74
76 77 52 45 66 64
19 20 5 100 75 36
11 12 36 89 7 10
57 58 24 89 76 93
22 23 1 98 52 78
69 70 7 84 30 67
70 71 59 77 10 63
27 28 50 79 83 32
88 89 4 83 46 0
49 50 11 79 78 1
51 52 43 30 65 9
46 25 15 34
13 14 15 24 73 27
29 30 40 98 71 30
23 24 14 98 96 15
39 40 56 60 18 55
37 38 35 24 92 96
21 22 51 88 47 30
11 12 25 17 71 23
41 42 57 60 62 68
7 8 34 49 14 35
24 25 34 93 17 98
26 27 14 55 99 96
0 1 58 21 3 44
4 5 29 4 91 0
31 32 41 56 3 33
22 23 21 98 60 5
43 44 29 15 80 63
5 6 8 9 7 31
3 4 15 95 66 79
1 2 25 73 73 43
20 21 48 75 88 71
44 45 47 9 56 99
19 20 44 88 37 57
8 9 52 33 52 19
32 33 1 1 52 13
6 7 57 31 5 10
86 65 23 47
20 21 4 16 1 25
31 32 46 85 15 86
27 28 2 45 24 99
37 38 40 24 34 48
10 11 29 26 46 38
55 56 52 7 28 48
14 15 51 56 48 27
33 34 55 15 37 14
53 54 1 99 48 13
47 48 8 31 25 78
66 67 8 45 89 87
57 58 44 91 13 83
11 12 58 77 40 95
7 8 11 53 5 98
63 64 29 82 83 70
18 19 24 65 6 17
5 6 7 98 32 0
42 43 49 27 28 4
77 78 11 41 7 20
48 49 28 2 98 7
74 75 6 44 78 65
56 57 56 50 29 21
49 50 58 52 54 76
17 18 56 37 15 4
75 76 55 10 92 21
73 74 53 28 8 11
9 10 58 2 45 16
71 72 6 81 100 98
64 65 49 62 94 24
16 17 14 93 92 75
0 1 6 91 16 75
44 45 11 96 28 1
76 77 10 74 53 55
23 24 1 3 17 20
72 73 39 74 87 66
79 80 0 86 92 75
52 53 7 34 31 40
22 23 23 7 50 33
21 22 10 8 5 66
65 66 12 97 87 74
70 71 28 33 34 36
40 41 37 46 29 85
68 69 44 36 19 24
38 39 8 42 61 77
62 63 0 88 86 54
36 37 31 85 3 87
25 26 42 70 54 76
19 20 4 73 9 1
51 52 20 30 72 83
54 55 19 24 4 40
15 16 38 76 69 48
1 2 46 34 1 66
83 84 18 51 17 73
46 47 30 24 29 74
29 30 56 76 24 77
67 68 34 48 34 25
78 79 22 66 71 54
39 40 22 55 26 26
12 13 21 72 36 15
82 83 43 41 14 72
41 42 37 1 30 28
13 14 37 49 45 42
4 5 0 68 96 67
26 27 35 37 6 89
60 61 7 26 29 10
34 14 4 24
8 9 7 11 15 30
31 32 11 73 12 13
12 13 58 33 36 86
19 20 29 75 21 48
5 6 1 73 99 14
18 19 48 45 20 39
4 5 50 80 45 36
23 24 34 75 31 4
3 4 16 36 15 84
7 8 58 45 25 63
29 30 28 59 93 98
0 1 12 70 73 2
28 29 0 5 31 45
14 15 38 40 61 21
40 21 24 39
38 39 5 61 99 76
8 9 0 74 46 32
3 4 46 27 70 7
33 34 37 62 37 55
24 25 39 54 6 92
28 29 14 46 49 97
18 19 56 6 100 73
37 38 32 59 61 49
17 18 33 61 78 72
12 13 46 7 76 37
22 23 24 67 77 15
34 35 21 37 73 93
16 17 51 87 61 13
14 15 10 24 49 98
5 6 46 84 64 26
29 30 24 63 18 87
9 10 17 61 10 7
19 20 44 21 45 70
20 21 53 61 73 66
15 16 45 9 91 45
1 2 12 15 85 4
59 42 16 49
29 30 56 66 4 9
3 4 0 53 42 49
38 39 58 64 98 98
19 20 10 73 38 18
48 49 58 87 26 74
2 3 21 48 95 87
57 58 4 18 63 50
21 22 12 27 53 22
26 27 45 66 39 78
31 32 34 85 30 50
53 54 14 62 34 11
35 36 55 76 10 89
36 37 33 25 15 12
7 8 49 87 61 19
10 11 59 56 69 48
40 41 55 33 48 17
17 18 39 46 18 71
50 51 38 15 17 88
5 6 3 11 57 87
14 15 50 56 85 94
30 31 52 42 88 26
12 13 46 15 59 79
54 55 42 55 5 66
41 42 8 70 75 44
43 44 30 94 17 29
27 28 53 25 81 48
55 56 9 78 95 70
49 50 47 48 71 69
51 52 13 30 93 46
23 24 29 63 33 87
22 23 5 22 97 96
0 1 24 97 23 6
16 17 1 87 85 90
15 16 0 61 74 94
37 38 58 48 30 60
46 47 34 60 37 78
56 57 22 63 78 28
32 33 11 24 94 62
47 48 34 36 76 66
8 9 55 18 82 70
42 43 16 8 42 9
18 19 23 100 16 0
92 88 12 89
23 24 45 61 67 65
48 49 8 69 83 13
78 79 29 63 35 60
21 22 48 17 91 21
65 66 5 49 4 67
44 45 41 79 3 19
45 46 25 23 77 33
61 62 15 85 93 4
16 17 1 49 85 37
80 81 5 37 21 16
47 48 57 1 84 82
10 11 21 51 74 83
84 85 18 32 48 35
63 64 23 69 13 86
73 74 36 86 35 93
66 67 2 92 72 71
35 36 12 64 59 32
86 87 33 76 10 100
81 82 58 22 23 66
87 88 36 68 15 90
28 29 7 12 79 95
62 63 56 28 66 51
56 57 37 32 21 95
8 9 58 66 87 54
36 37 51 35 7 60
40 41 37 85 46 27
50 51 34 9 2 80
49 50 15 27 14 43
0 1 47 3 63 88
71 72 10 31 42 58
19 20 3 60 45 80
4 5 58 84 25 55
42 43 56 15 74 55
88 89 51 88 94 90
90 91 7 49 89 75
24 25 28 73 8 68
2 3 20 21 83 36
43 44 55 72 5 17
77 78 19 41 23 77
68 69 57 48 35 76
6 7 14 3 73 83
5 6 25 25 44 93
41 42 38 73 85 15
64 65 22 47 52 7
53 54 24 24 72 63
39 40 24 99 87 46
54 55 47 87 78 67
76 77 11 41 27 41
12 13 20 85 48 99
27 28 50 92 8 61
89 90 53 10 15 60
26 27 38 7 5 46
59 60 8 37 63 65
82 83 20 82 84 5
34 35 32 58 60 53
83 84 53 42 86 79
38 39 36 95 78 37
79 80 38 58 79 12
13 14 26 75 48 14
11 12 20 88 33 7
46 47 54 60 62 90
37 38 54 68 3 80
58 59 3 75 6 65
20 21 54 30 23 48
7 8 38 84 45 30
60 61 45 87 49 23
69 70 40 77 18 59
32 33 48 3 100 13
14 15 45 87 41 55
57 58 33 14 85 41
17 18 26 61 61 17
52 53 27 29 87 61
1 2 31 62 30 82
25 26 8 78 85 5
31 32 22 47 24 12
15 16 1 48 56 6
75 76 58 92 63 66
22 23 23 96 62 61
29 30 47 61 63 44
3 4 46 51 46 90
55 56 22 78 9 99
70 71 16 12 50 9
33 34 54 18 26 99
85 86 18 58 33 24
9 10 44 69 61 2
74 75 26 95 33 54
18 19 54 40 28 43
67 68 52 29 65 13
50 40 31 48
37 38 43 37 54 50
14 15 18 10 81 67
35 36 4 5 80 54
45 46 36 97 41 10
17 18 37 70 78 53
8 9 32 63 15 68
44 45 17 100 10 78
38 39 10 79 67 4
42 43 14 88 28 83
3 4 46 59 76 0
48 49 58 80 18 17
12 13 58 39 24 6
47 48 21 64 14 63
4 5 57 35 56 67
30 31 58 78 53 3
5 6 49 39 9 87
2 3 26 46 66 68
9 10 35 85 77 92
33 34 50 39 54 67
11 12 59 14 28 62
32 33 51 20 70 17
43 44 4 95 33 31
22 23 19 53 54 80
41 42 56 100 31 56
40 41 21 5 1 93
27 28 49 16 33 87
24 25 38 68 78 91
39 40 17 32 67 67
6 7 25 28 27 71
15 16 49 69 62 73
25 26 40 1 10 99
23 24 37 60 88 93
21 22 19 25 94 15
16 17 14 78 24 77
29 30 20 30 99 68
13 14 14 14 37 30
19 20 30 78 36 56
0 1 30 46 4 75
34 35 45 19 13 64
26 27 10 51 13 66
33 23 8 24
21 22 46 25 68 96
29 30 40 87 15 20
0 1 24 45 59 70
17 18 38 75 18 41
8 9 41 65 55 56
11 12 47 68 80 34
4 5 45 55 38 28
9 10 4 5 68 61
18 19 58 13 93 42
2 3 45 69 55 24
26 27 27 58 74 4
31 32 0 38 7 35
16 17 8 11 18 51
13 14 43 71 72 12
28 29 39 88 74 49
14 15 16 50 14 6
25 26 53 99 28 7
19 20 41 14 93 4
3 4 35 42 27 44
12 13 21 79 31 75
27 28 31 10 68 48
15 16 19 89 97 55
7 8 39 16 26 65
89 75 24 68
30 31 18 81 20 72
82 83 52 68 35 74
73 74 55 54 27 41
64 65 51 24 30 79
61 62 47 36 41 63
20 21 55 32 47 52
12 13 17 91 30 99
19 20 10 25 90 56
71 72 49 56 19 100
11 12 10 75 96 64
18 19 13 24 32 75
42 43 35 74 58 80
25 26 1 20 92 2
14 15 46 78 59 19
41 42 16 40 39 100
60 61 47 46 87 89
22 23 12 23 5 14
81 82 57 34 91 63
32 33 23 38 95 84
37 38 57 34 99 90
46 47 35 25 34 0
13 14 2 13 18 94
74 75 23 63 75 49
67 68 1 99 81 79
10 11 12 51 17 11
65 66 9 64 30 77
24 25 44 60 86 6
45 46 8 9 3 8
55 56 0 8 82 29
52 53 50 42 44 19
59 60 52 60 46 30
23 24 33 84 9 80
68 69 47 59 100 8
16 17 53 22 29 35
5 6 33 34 5 35
58 59 15 11 17 23
26 27 0 56 90 92
15 16 6 63 90 74
21 22 12 76 71 91
38 39 55 28 9 67
79 80 3 35 10 46
28 29 12 71 100 70
2 3 47 19 75 42
84 85 57 40 5 29
3 4 7 63 97 68
43 44 42 48 4 43
39 40 28 2 15 33
57 58 0 73 36 30
85 86 36 2 74 37
7 8 10 5 7 23
53 54 57 41 74 13
9 10 54 78 42 22
6 7 15 94 69 29
87 88 13 26 3 5
49 50 13 33 4 57
34 35 20 94 50 60
66 67 11 4 97 36
78 79 35 57 65 71
40 41 13 1 18 50
56 57 5 26 54 92
1 2 47 69 51 70
86 87 25 71 22 29
54 55 28 82 15 11
69 70 58 88 98 44
50 51 56 27 36 99
72 73 51 14 34 68
63 64 16 84 19 50
44 45 18 84 45 5
35 36 13 44 30 7
76 77 39 42 60 57
17 18 7 44 4 11
80 81 51 71 19 24
36 37 33 39 95 6
29 30 5 11 9 66
70 71 54 62 33 8
92 72 47 60
70 71 56 20 57 96
13 14 37 44 43 43
49 50 39 47 39 45
2 3 55 62 55 69
62 63 31 5 98 3
79 80 50 7 11 10
27 28 49 5 76 48
5 6 38 61 52 88
87 88 40 17 1 26
28 29 55 27 5 7
85 86 45 42 73 25
78 79 21 55 61 48
56 57 5 42 9 50
23 24 2 56 81 94
63 64 17 50 45 32
50 51 17 4 32 47
90 91 35 44 91 19
22 23 54 47 61 94
86 87 17 62 81 24
66 67 13 5 4 71
26 27 26 73 24 22
83 84 17 33 36 71
32 33 52 75 45 93
20 21 47 73 70 86
11 12 30 11 52 87
48 49 6 36 54 28
41 42 56 83 33 33
53 54 22 29 43 36
35 36 5 27 70 23
19 20 34 43 8 5
71 72 28 65 33 58
25 26 29 69 92 12
65 66 25 9 85 85
44 45 38 87 70 71
29 30 20 4 19 76
72 73 11 2 66 53
45 46 59 11 79 51
38 39 32 13 48 83
9 10 25 90 68 74
58 59 11 71 100 92
4 5 21 43 58 37
73 74 45 41 76 12
7 8 3 38 78 48
46 47 48 91 19 59
36 37 44 72 27 99
0 1 5 65 15 66
77 78 6 61 99 65
40 41 11 66 62 8
24 25 57 23 33 52
42 43 52 52 84 35
67 68 34 66 44 74
74 75 59 1 91 78
60 61 1 16 7 90
80 81 33 56 40 40
52 53 50 80 12 53
16 17 26 6 53 93
3 4 18 16 21 68
12 13 26 6 42 68
10 11 32 84 34 54
57 58 19 85 66 33
59 60 45 6 93 10
34 35 15 40 71 34
14 15 17 37 99 64
88 89 30 50 66 83
64 65 41 77 82 62
75 76 43 31 57 86
6 7 53 1 25 67
54 55 14 43 2 94
21 22 36 47 64 3
8 9 43 72 56 88
18 19 27 86 95 83
30 31 44 85 25 34
18 10 14 17
11 12 38 4 4 39
16 17 39 44 24 81
14 15 12 39 10 59
3 4 4 25 34 93
10 11 45 21 35 9
9 10 25 96 92 21
15 16 46 84 58 91
2 3 2 85 23 70
12 13 52 57 89 62
13 14 28 70 26 28
26 18 3 9
2 3 35 42 77 22
8 9 11 28 21 81
13 14 17 88 48 38
10 11 50 34 69 29
11 12 20 4 72 56
6 7 42 82 42 58
7 8 53 88 52 63
20 21 37 18 76 56
19 20 27 87 91 46
12 13 45 26 44 87
14 15 48 1 65 97
0 1 14 64 65 48
1 2 10 46 88 50
3 4 9 88 29 88
24 25 2 12 36 7
4 5 7 68 11 52
21 22 42 40 58 23
5 6 4 95 33 26
55 48 0 13
32 33 46 66 12 89
25 26 26 39 28 5
10 11 46 22 1 94
45 46 47 58 100 88
41 42 48 49 76 21
39 40 54 31 12 25
48 49 14 94 67 43
21 22 16 21 21 14
12 13 15 84 58 3
33 34 24 92 41 73
1 2 27 90 40 34
31 32 0 75 81 9
29 30 8 17 23 42
2 3 43 83 60 76
52 53 41 79 68 81
27 28 9 48 49 65
38 39 50 72 47 11
7 8 3 96 10 39
19 20 12 55 2 42
43 44 36 22 39 50
30 31 39 14 27 87
49 50 50 12 23 58
18 19 13 22 51 76
37 38 34 52 22 23
11 12 32 91 58 13
26 27 48 7 23 59
5 6 52 66 86 30
14 15 14 86 36 88
13 14 35 45 72 58
34 35 7 8 38 96
0 1 30 50 30 59
28 29 44 6 19 28
36 37 4 78 82 90
23 24 13 68 42 73
22 23 37 96 78 40
16 17 12 34 42 11
4 5 47 93 31 73
6 7 37 76 81 24
46 47 32 78 9 14
3 4 19 18 58 96
9 10 51 5 62 59
15 16 40 25 2 45
42 43 46 44 73 45
44 45 24 63 77 11
35 36 22 72 79 27
17 18 17 34 28 61
53 54 14 42 44 0
8 9 21 95 17 36
9 8 6 7
1 2 15 86 81 43
5 6 36 57 27 22
2 3 24 75 51 56
7 8 52 6 25 93
0 1 50 81 78 14
6 7 49 69 35 5
4 5 1 60 35 97
3 4 36 98 39 61
11 6 2 10
1 2 9 56 11 86
0 1 20 41 39 6
5 6 45 92 10 6
9 10 26 64 4 49
3 4 53 65 14 100
2 3 8 20 40 20
61 45 2 34
1 2 4 57 54 59
20 21 47 44 81 21
5 6 53 79 66 98
24 25 15 80 69 28
33 34 39 40 54 17
34 35 0 20 95 47
40 41 36 99 49 11
48 49 26 58 88 57
18 19 2 49 3 12
12 13 40 5 92 22
37 38 10 40 75 60
31 32 7 10 74 57
55 56 7 8 6 66
10 11 24 67 14 26
58 59 48 15 58 63
13 14 31 4 24 53
19 20 18 46 9 82
45 46 6 59 6 79
50 51 45 19 86 37
44 45 1 34 96 35
0 1 4 66 79 22
15 16 3 38 69 38
27 28 5 60 18 88
25 26 48 6 51 60
32 33 54 45 41 7
36 37 47 47 42 20
16 17 1 52 93 11
22 23 11 6 11 95
47 48 26 85 98 100
30 31 11 64 89 35
53 54 29 85 40 26
46 47 0 61 56 77
29 30 43 13 93 11
17 18 27 78 97 32
28 29 15 11 30 16
54 55 31 49 86 79
51 52 12 22 23 93
41 42 31 29 69 46
57 58 49 82 49 44
38 39 20 72 63 19
23 24 35 53 25 41
8 9 21 92 80 0
35 36 12 31 5 76
43 44 24 46 42 90
49 50 18 11 100 85
11 7 0 5
9 10 27 10 80 97
0 1 30 19 86 21
4 5 5 57 29 27
6 7 42 23 70 100
1 2 40 58 92 55
2 3 59 40 26 37
8 9 48 45 30 43
21 7 0 15
1 2 54 76 10 31
15 16 58 100 36 60
0 1 59 85 100 35
7 8 39 80 52 71
9 10 55 82 26 44
14 15 31 53 37 47
8 9 57 98 93 12
17 13 1 4
13 14 22 83 49 28
14 15 28 34 79 50
6 7 52 85 57 66
0 1 50 57 55 95
11 12 6 6 75 93
5 6 6 69 17 88
7 8 47 85 63 72
12 13 3 27 4 19
9 10 8 28 95 85
2 3 7 38 3 30
10 11 57 78 11 74
4 5 0 64 23 18
8 9 36 13 18 76
42 37 24 41
35 36 1 13 49 18
25 26 27 8 54 93
0 1 25 69 82 11
26 27 48 60 23 69
34 35 12 74 77 36
33 34 6 9 88 48
38 39 0 70 25 36
14 15 10 15 64 19
15 16 47 18 25 76
11 12 25 84 17 9
13 14 49 87 33 79
19 20 28 65 28 50
4 5 19 3 7 42
3 4 0 7 75 43
9 10 35 5 71 20
12 13 40 94 85 44
20 21 23 91 9 19
22 23 18 27 79 15
39 40 20 32 57 59
37 38 48 21 35 35
31 32 14 17 67 90
6 7 35 90 95 34
16 17 6 90 48 74
2 3 36 37 41 32
8 9 8 20 35 97
17 18 30 71 43 8
18 19 42 80 63 89
28 29 28 38 22 45
27 28 59 51 86 40
23 24 13 69 65 1
36 37 42 27 40 91
7 8 1 64 72 38
5 6 42 17 34 15
32 33 20 59 1 47
30 31 38 73 40 39
40 41 41 89 93 94
10 11 27 67 18 41
43 42 7 13
37 38 55 42 81 100
10 11 33 16 5 51
19 20 31 98 52 9
41 42 6 78 4 99
11 12 0 65 68 43
23 24 52 40 75 87
16 17 7 27 72 54
25 26 14 66 47 66
28 29 35 64 27 16
29 30 49 72 22 77
40 41 49 100 88 21
21 22 55 27 87 66
0 1 12 61 46 69
30 31 42 69 12 18
14 15 32 14 92 33
4 5 10 81 77 90
20 21 31 24 18 48
22 23 14 34 15 89
17 18 36 63 12 60
34 35 43 1 36 78
12 13 3 39 73 32
6 7 10 25 52 22
26 27 31 45 64 90
31 32 25 71 53 92
1 2 50 24 88 95
13 14 20 56 17 7
38 39 25 22 90 60
39 40 47 93 97 63
24 25 32 75 25 77
7 8 40 93 13 4
36 37 47 71 95 29
5 6 33 59 45 78
35 36 59 41 20 3
32 33 30 69 27 61
8 9 48 41 27 80
18 19 38 88 47 61
3 4 10 87 87 91
27 28 21 70 21 49
9 10 8 14 28 70
2 3 49 83 67 99
15 16 25 32 31 64
33 34 14 56 18 90
86 43 49 49
57 58 21 2 96 4
81 82 48 53 63 98
52 53 16 97 62 77
36 37 33 40 59 66
4 5 34 2 5 20
16 17 44 41 65 39
35 36 34 96 1 56
80 81 24 42 95 56
47 48 56 75 76 76
82 83 47 95 56 16
27 28 47 85 96 35
59 60 55 49 3 9
29 30 48 67 6 80
3 4 11 46 91 87
28 29 12 9 4 72
41 42 20 45 50 22
71 72 57 24 89 75
48 49 4 17 5 27
70 71 11 37 60 71
46 47 30 86 81 12
49 50 18 7 14 71
78 79 2 82 81 58
65 66 5 52 2 84
55 56 2 51 22 0
39 40 26 76 20 86
51 52 41 68 6 64
68 69 9 98 98 15
62 63 41 96 71 42
23 24 5 48 54 44
26 27 12 81 50 68
21 22 23 59 60 64
58 59 38 86 100 7
77 78 13 27 81 54
44 45 6 22 98 20
25 26 13 93 21 12
54 55 41 2 66 34
15 16 23 60 57 76
31 32 29 64 37 12
18 19 40 100 30 4
32 33 22 39 60 28
5 6 38 16 51 23
7 8 10 2 1 14
45 46 35 87 35 36
41 27 20 30
24 25 1 15 8 8
15 16 3 18 39 37
20 21 1 3 77 54
23 24 23 29 61 32
22 23 10 82 98 47
1 2 35 7 98 16
39 40 44 58 22 74
18 19 55 52 9 53
30 31 0 51 52 2
6 7 0 83 89 27
36 37 36 37 3 21
16 17 22 61 27 20
32 33 52 97 18 89
29 30 41 1 94 81
13 14 2 67 7 86
37 38 48 77 40 47
27 28 57 45 87 87
38 39 13 41 9 69
8 9 56 27 33 58
12 13 36 39 17 93
17 18 55 99 15 27
4 5 48 59 51 32
7 8 50 8 29 97
10 11 23 92 94 53
11 12 44 28 66 22
2 3 26 26 91 52
14 15 22 84 71 72
6 5 1 5
0 1 8 37 69 7
1 2 27 30 11 85
4 5 45 3 60 20
3 4 16 31 88 69
2 3 38 91 22 84
9 8 2 4
7 8 10 9 74 79
5 6 53 60 6 68
6 7 11 11 72 87
4 5 26 9 43 63
3 4 57 75 20 11
0 1 44 97 8 21
1 2 24 63 48 60
2 3 24 77 29 86
36 22 4 21
32 33 19 22 54 34
33 34 13 42 35 3
29 30 30 10 27 91
4 5 37 3 65 98
0 1 45 34 38 41
9 10 7 50 39 25
30 31 48 16 14 70
6 7 54 22 77 3
23 24 40 45 81 89
27 28 13 49 21 45
2 3 19 84 71 24
18 19 33 50 80 57
19 20 42 57 83 17
8 9 0 64 18 18
21 22 47 33 50 30
16 17 26 99 63 15
22 23 15 69 81 2
34 35 38 86 18 28
26 27 3 53 1 16
17 18 57 66 3 98
15 16 58 15 61 99
11 12 15 99 49 85
33 28 0 16
24 25 39 84 14 42
9 10 41 3 5 57
7 8 25 26 83 34
8 9 45 31 79 50
31 32 51 91 14 10
22 23 40 61 49 61
10 11 53 55 60 57
16 17 7 7 58 34
1 2 48 80 33 90
3 4 17 5 16 31
19 20 31 16 72 14
2 3 32 85 50 5
14 15 13 63 66 32
5 6 57 27 53 63
11 12 29 56 24 29
25 26 18 34 11 82
15 16 9 56 81 44
6 7 56 60 82 80
21 22 59 71 38 24
17 18 52 30 74 38
28 29 22 100 61 28
20 21 47 92 23 41
13 14 51 79 99 78
18 19 28 21 23 12
0 1 49 30 53 44
30 31 23 22 16 90
4 5 26 54 62 77
26 27 17 38 40 64
16 8 4 12
11 12 3 13 49 25
1 2 5 10 98 57
8 9 31 92 3 32
13 14 37 69 85 63
10 11 12 44 23 66
4 5 32 8 87 13
6 7 27 19 79 9
3 4 25 96 44 61
33 31 23 26
9 10 52 24 4 76
30 31 29 19 18 23
8 9 20 52 40 30
11 12 34 3 30 24
12 13 36 21 34 15
16 17 57 85 7 34
5 6 17 71 76 52
31 32 15 93 35 46
4 5 38 31 19 96
1 2 37 24 76 0
0 1 27 61 11 66
7 8 14 96 43 18
26 27 32 67 35 92
19 20 58 6 89 62
10 11 50 48 25 42
27 28 17 98 93 66
28 29 12 36 80 73
20 21 12 21 88 27
24 25 26 89 57 45
23 24 46 37 73 17
17 18 41 79 19 4
18 19 49 68 1 15
13 14 59 3 20 24
22 23 50 19 80 52
6 7 25 16 66 2
15 16 45 92 47 76
3 4 51 7 99 93
25 26 15 72 4 8
2 3 34 4 94 34
21 22 7 28 12 31
29 30 17 91 66 54
78 63 0 56
72 73 14 78 51 62
23 24 46 24 40 41
37 38 0 38 99 24
68 69 31 23 34 64
30 31 33 48 42 1
4 5 58 57 19 7
48 49 35 84 79 45
58 59 34 29 44 69
70 71 31 4 24 37
29 30 41 13 31 72
60 61 52 75 11 100
31 32 50 38 92 76
69 70 19 36 21 74
75 76 15 49 14 68
24 25 36 64 75 81
16 17 30 85 24 100
67 68 35 94 86 3
34 35 34 19 41 83
74 75 45 11 35 72
65 66 54 55 65 88
47 48 33 12 94 11
33 34 52 99 10 100
22 23 40 24 12 40
51 52 54 40 39 97
76 77 14 33 46 74
12 13 23 86 50 70
57 58 17 85 66 55
9 10 24 53 32 13
28 29 46 79 37 68
40 41 36 88 92 45
15 16 57 93 17 32
38 39 4 28 64 34
14 15 55 30 12 46
27 28 4 54 3 55
7 8 45 62 7 46
39 40 56 3 77 29
53 54 0 97 70 99
35 36 49 87 81 37
73 74 4 1 58 32
1 2 59 94 58 14
61 62 4 77 15 77
59 60 14 27 71 0
54 55 28 94 14 62
64 65 52 28 11 93
5 6 17 9 94 18
71 72 20 60 83 70
2 3 57 50 39 75
3 4 54 41 45 55
10 11 51 12 55 17
42 43 15 30 31 60
25 26 28 34 56 27
17 18 13 97 48 33
0 1 17 74 70 40
6 7 40 26 81 64
8 9 9 43 45 28
18 19 28 18 63 62
55 56 6 28 74 95
46 47 44 61 34 98
45 46 3 73 92 87
50 51 49 43 13 45
32 33 26 31 71 40
11 12 7 79 90 11
41 42 35 24 90 89
57 35 22 36
11 12 45 22 97 97
7 8 59 11 44 91
4 5 24 1 19 17
45 46 48 57 34 56
55 56 26 97 65 81
47 48 52 24 15 11
44 45 8 25 73 2
15 16 39 5 21 54
38 39 52 12 100 88
2 3 48 11 98 63
34 35 58 60 46 63
41 42 37 56 20 55
33 34 45 7 39 100
24 25 22 15 26 44
51 52 4 95 21 94
35 36 41 2 61 61
46 47 1 1 48 13
8 9 20 77 38 62
0 1 1 46 10 94
39 40 7 82 14 55
43 44 36 78 22 34
10 11 31 18 87 32
37 38 13 44 87 6
25 26 39 43 86 60
32 33 0 27 17 63
14 15 59 49 35 86
30 31 34 88 3 71
20 21 27 73 75 72
19 20 8 13 26 42
49 50 33 15 35 11
23 24 23 16 32 98
42 43 8 20 28 77
40 41 41 87 76 68
53 54 55 43 25 85
26 27 14 48 20 2
92 64 24 74
86 87 24 95 20 25
61 62 26 87 42 5
59 60 35 30 22 62
85 86 11 4 5 95
22 23 48 59 91 70
0 1 38 96 55 48
41 42 32 56 19 65
70 71 2 83 49 92
83 84 22 100 68 69
15 16 45 16 13 28
2 3 44 33 93 11
56 57 21 70 79 3
55 56 43 51 65 15
17 18 9 71 45 42
48 49 54 61 49 89
67 68 10 3 20 81
89 90 10 2 90 75
68 69 6 97 29 41
19 20 41 39 100 81
74 75 7 91 16 9
23 24 9 85 42 98
12 13 40 10 84 71
88 89 32 7 80 53
78 79 8 82 58 78
87 88 48 68 66 60
80 81 2 88 63 98
63 64 7 58 27 50
71 72 24 16 7 83
65 66 56 14 82 59
47 48 22 8 81 15
35 36 15 46 20 37
77 78 57 56 23 73
37 38 53 45 35 28
43 44 51 89 23 7
36 37 51 28 37 8
57 58 43 80 12 100
46 47 54 43 71 1
38 39 27 70 45 46
28 29 21 93 76 71
13 14 25 41 27 78
42 43 4 84 77 91
11 12 20 44 70 94
26 27 56 1 75 57
1 2 17 59 42 54
7 8 48 74 41 2
73 74 5 57 5 7
90 91 22 34 56 44
60 61 11 91 18 76
4 5 4 97 75 81
66 67 7 32 22 59
82 83 17 8 16 18
30 31 28 42 8 58
75 76 18 95 64 60
3 4 25 58 92 92
81 82 40 41 39 46
69 70 49 61 46 98
21 22 33 25 4 32
34 35 52 38 90 99
50 51 31 72 1 43
29 30 5 40 3 56
84 85 41 17 88 26
20 21 7 12 29 8
72 73 18 35 79 58
79 80 54 72 67 11
80 79 20 79
66 67 50 92 34 44
59 60 25 53 30 77
39 40 22 13 94 53
35 36 25 45 58 18
23 24 23 66 37 73
32 33 12 57 88 27
73 74 2 95 38 74
3 4 45 67 77 75
6 7 10 6 92 37
33 34 2 60 14 66
51 52 56 98 17 22
12 13 33 34 36 11
37 38 43 35 69 69
8 9 28 100 99 7
50 51 20 51 4 75
68 69 56 45 11 63
42 43 20 78 11 23
26 27 40 63 62 28
53 54 34 40 33 56
28 29 0 25 58 94
64 65 40 62 26 22
14 15 20 11 45 38
1 2 29 86 67 81
76 77 4 65 60 16
72 73 51 92 37 83
63 64 32 28 72 1
0 1 43 2 80 86
74 75 56 11 18 50
16 17 7 39 84 92
48 49 32 62 69 5
34 35 15 87 84 1
22 23 1 18 30 86
56 57 56 99 78 13
49 50 29 4 23 70
21 22 53 52 33 32
78 79 17 58 92 10
11 12 43 37 37 1
58 59 46 76 61 26
15 16 25 51 90 52
43 44 45 37 73 9
61 62 20 46 59 84
40 41 35 68 72 70
9 10 19 1 25 97
17 18 53 68 97 32
70 71 10 23 21 94
60 61 3 73 52 43
36 37 12 11 99 36
13 14 57 75 28 94
4 5 22 91 48 56
45 46 45 39 34 67
2 3 48 53 75 13
10 11 14 53 14 51
44 45 28 35 90 3
38 39 35 7 100 98
7 8 59 66 69 33
18 19 23 76 31 72
54 55 6 2 84 30
19 20 51 94 27 32
29 30 10 28 85 32
46 47 16 29 80 79
55 56 8 7 16 75
75 76 8 94 74 63
25 26 23 65 8 15
24 25 49 90 56 27
52 53 59 56 13 28
57 58 8 31 75 74
77 78 12 91 38 51
27 28 21 56 18 83
62 63 26 47 83 61
71 72 57 25 42 46
69 70 55 95 7 60
41 42 4 98 79 6
47 48 23 17 26 14
20 21 36 90 97 89
67 68 5 24 66 10
65 66 59 98 79 61
5 6 25 69 76 43
31 32 30 31 34 76
30 31 24 66 17 81
98 71 28 35
74 75 6 20 56 72
66 67 35 41 63 28
26 27 16 19 36 47
83 84 34 97 74 80
68 69 33 64 91 0
44 45 40 16 2 56
5 6 52 76 91 1
6 7 19 11 95 100
25 26 18 76 17 53
31 32 3 9 8 71
95 96 21 4 12 34
48 49 49 83 40 24
17 18 44 66 51 24
35 36 6 37 28 42
51 52 8 85 27 85
13 14 12 26 14 63
71 72 34 30 46 5
23 24 12 52 64 98
96 97 59 97 6 12
4 5 16 45 25 33
12 13 1 59 7 4
45 46 37 50 100 0
90 91 30 96 27 75
18 19 8 88 78 92
15 16 6 72 58 92
41 42 55 84 95 86
0 1 55 83 69 19
91 92 48 16 46 6
24 25 18 56 57 43
81 82 49 75 98 60
36 37 24 58 12 28
79 80 9 27 64 94
86 87 0 42 81 73
14 15 24 87 13 87
89 90 2 40 86 87
84 85 52 18 71 74
63 64 53 86 86 21
29 30 15 6 31 98
43 44 36 52 47 23
32 33 7 76 38 22
11 12 53 59 95 24
34 35 57 54 97 91
1 2 2 33 77 24
50 51 2 41 31 64
64 65 31 54 17 22
7 8 25 60 66 98
62 63 30 80 15 32
82 83 47 99 57 24
8 9 42 90 8 62
28 29 36 46 38 11
57 58 0 49 79 19
75 76 14 78 90 43
87 88 3 45 37 74
76 77 19 18 47 92
72 73 38 73 61 60
40 41 46 11 65 0
59 60 26 99 58 87
2 3 59 43 37 15
56 57 57 31 63 44
80 81 52 44 31 94
9 10 35 14 49 60
65 66 33 22 44 70
16 17 49 9 10 25
27 28 13 69 94 52
22 23 8 94 38 99
38 39 7 10 55 67
70 71 36 26 55 78
20 21 43 73 62 36
3 4 47 12 63 5
10 11 30 6 18 19
93 94 8 70 53 4
66 39 1 43
63 64 13 1 57 51
58 59 12 97 70 97
52 53 6 22 58 53
51 52 41 5 97 18
1 2 5 86 85 62
48 49 39 27 34 23
18 19 6 91 42 91
24 25 13 26 29 41
59 60 35 89 37 30
34 35 59 93 14 14
11 12 32 26 21 47
43 44 22 46 88 48
35 36 56 52 60 88
15 16 20 26 13 8
0 1 1 93 79 53
45 46 22 59 1 10
17 18 43 52 42 56
28 29 50 97 16 32
60 61 20 99 67 88
40 41 16 91 47 51
64 65 15 78 71 29
56 57 38 27 11 92
29 30 37 63 69 30
50 51 26 75 93 30
26 27 49 56 3 95
32 33 53 2 99 7
41 42 12 3 14 72
16 17 7 62 10 89
12 13 25 17 41 98
10 11 55 69 56 37
21 22 47 72 9 57
25 26 19 100 75 89
23 24 35 64 46 43
39 40 43 60 8 43
37 38 35 73 65 24
4 5 3 38 76 88
20 21 9 46 17 67
38 39 22 66 44 27
33 34 28 75 98 20
81 60 62 70
49 50 10 63 5 20
31 32 17 38 28 73
18 19 31 65 91 28
67 68 45 64 42 51
59 60 10 74 81 52
43 44 34 84 51 82
64 65 50 45 87 91
51 52 9 61 28 69
2 3 51 94 70 4
71 72 43 95 29 10
16 17 53 53 39 64
40 41 58 35 74 68
11 12 41 81 93 90
45 46 12 54 63 8
23 24 45 15 15 28
42 43 24 81 41 64
47 48 30 23 99 44
44 45 52 58 87 91
63 64 51 25 30 7
61 62 59 49 63 59
28 29 20 37 73 63
24 25 4 25 36 3
52 53 10 96 78 61
38 39 8 98 86 21
9 10 55 55 18 62
65 66 46 11 83 41
77 78 33 17 96 72
57 58 52 80 92 71
48 49 53 89 80 54
37 38 36 90 47 66
6 7 22 97 69 67
22 23 56 83 25 38
35 36 30 87 64 30
66 67 50 17 77 45
25 26 20 4 26 19
20 21 31 42 38 56
53 54 36 67 81 73
55 56 11 47 70 64
73 74 44 8 58 17
27 28 52 19 22 33
3 4 47 30 52 85
74 75 58 23 44 49
78 79 18 91 10 37
41 42 39 15 21 34
32 33 25 68 99 71
29 30 6 59 16 94
50 51 22 84 90 13
60 61 3 36 43 100
26 27 46 70 68 91
33 34 8 38 54 20
21 22 16 42 63 88
56 57 24 78 91 73
14 15 9 22 4 17
4 5 49 90 72 48
0 1 58 51 35 73
72 73 8 96 78 75
12 13 55 11 42 65
5 6 18 35 44 100
46 47 19 40 82 54
19 20 17 34 7 96
82 75 40 81
3 4 28 22 65 38
28 29 25 52 87 6
5 6 58 45 14 19
60 61 58 1 28 43
2 3 28 34 52 9
46 47 26 24 95 96
80 81 25 92 59 1
67 68 46 4 11 26
49 50 54 5 43 73
23 24 10 10 81 40
41 42 4 31 37 96
45 46 46 92 80 63
27 28 25 56 42 56
50 51 16 35 74 54
51 52 9 16 23 30
47 48 32 76 46 45
14 15 33 100 47 50
12 13 4 90 64 66
73 74 3 66 17 92
66 67 13 43 23 92
42 43 30 50 83 46
15 16 24 93 31 75
62 63 17 31 60 48
17 18 28 80 39 56
7 8 17 38 66 88
35 36 15 18 43 9
76 77 19 75 15 70
34 35 39 71 98 36
9 10 49 76 38 10
54 55 36 60 4 24
25 26 52 38 90 80
57 58 25 34 53 54
0 1 34 61 77 30
1 2 9 33 19 9
65 66 40 21 10 36
43 44 16 52 82 62
44 45 32 25 59 57
55 56 12 88 78 20
61 62 5 69 63 92
71 72 7 18 33 25
32 33 26 7 19 22
11 12 28 4 71 39
29 30 41 49 74 98
20 21 18 82 56 53
79 80 41 87 51 19
75 76 45 87 55 88
24 25 44 2 81 87
16 17 26 92 37 66
6 7 29 40 31 82
59 60 52 32 69 59
39 40 22 46 83 75
77 78 12 12 11 33
37 38 17 59 29 17
63 64 59 99 5 56
72 73 50 73 83 79
13 14 38 23 70 98
40 41 54 32 6 91
78 79 23 49 67 38
56 57 43 35 73 43
36 37 53 34 25 73
33 34 27 91 79 30
18 19 58 94 56 74
22 23 38 5 14 46
19 20 53 92 93 87
4 5 20 27 99 51
38 39 9 9 40 9
74 75 38 25 34 58
48 49 25 69 3 68
52 53 40 96 41 91
58 59 45 14 8 46
69 70 0 3 19 90
8 9 6 77 99 15
31 32 0 68 66 87
30 31 46 29 83 41
64 65 0 92 98 71
10 9 0 4
7 8 45 59 41 87
6 7 17 89 40 100
0 1 54 80 61 32
4 5 42 56 40 61
2 3 9 53 50 42
8 9 54 47 55 69
5 6 26 99 92 71
3 4 43 79 16 80
1 2 6 58 88 18
25 22 9 22
22 23 55 83 49 27
0 1 39 78 32 41
5 6 16 52 27 33
13 14 11 84 45 54
12 13 45 34 99 85
11 12 56 96 89 22
7 8 48 11 59 44
20 21 52 88 25 47
4 5 39 24 11 28
18 19 53 91 62 6
10 11 59 28 14 28
6 7 30 100 31 60
16 17 7 7 80 14
9 10 38 80 62 63
14 15 0 46 90 29
8 9 53 79 50 6
15 16 14 100 32 23
21 22 3 20 62 28
3 4 55 70 52 68
19 20 24 24 70 3
1 2 45 95 78 64
23 24 2 54 5 47
21 10 15 18
14 15 14 12 81 62
17 18 36 17 94 78
11 12 10 62 14 63
8 9 56 75 94 100
0 1 54 38 87 24
5 6 57 25 14 61
2 3 57 41 10 2
9 10 53 39 25 96
13 14 57 37 82 62
19 20 29 12 73 96
18 14 12 16
10 11 5 85 68 91
0 1 27 15 2 97
9 10 40 69 64 33
11 12 7 72 86 92
7 8 47 26 85 98
6 7 10 58 84 68
13 14 59 22 38 75
5 6 55 76 42 36
8 9 2 38 61 47
2 3 51 79 56 82
15 16 0 91 28 62
4 5 28 5 6 1
12 13 31 8 76 10
1 2 27 73 18 37
74 64 10 30
68 69 11 88 78 11
50 51 13 53 84 39
41 42 33 7 30 46
12 13 44 46 99 54
72 73 54 98 83 66
7 8 26 68 98 78
55 56 24 45 43 60
43 44 37 62 63 68
59 60 37 22 18 99
31 32 2 22 13 10
37 38 49 85 53 3
36 37 33 97 65 73
46 47 51 50 3 11
14 15 37 50 72 53
48 49 57 72 36 54
62 63 39 84 35 77
47 48 21 74 7 44
28 29 4 70 29 35
67 68 42 100 77 20
64 65 55 89 63 9
16 17 20 89 23 88
53 54 46 38 85 85
21 22 23 100 97 88
4 5 9 50 80 67
17 18 3 5 3 7
2 3 51 96 88 7
15 16 30 1 4 29
65 66 49 59 39 70
51 52 49 53 65 76
44 45 15 32 31 33
1 2 17 78 12 7
57 58 38 11 38 44
58 59 0 76 81 51
3 4 53 15 95 64
10 11 5 57 58 9
61 62 52 83 17 91
54 55 10 60 13 83
29 30 48 38 75 53
45 46 59 59 71 77
52 53 2 99 86 43
38 39 18 21 62 70
39 40 5 57 40 8
18 19 31 57 57 8
8 9 42 23 76 34
34 35 21 16 68 53
30 31 10 81 63 75
32 33 46 91 43 25
33 34 23 63 5 29
9 10 0 13 61 22
19 20 53 98 3 34
22 23 2 34 45 20
66 67 45 99 34 20
6 7 47 67 41 2
5 6 13 40 22 29
56 57 20 91 64 97
71 72 34 79 37 17
11 12 30 61 63 88
0 1 39 50 100 49
23 24 35 8 6 45
63 64 39 93 9 67
70 71 44 98 80 26
35 36 52 2 25 42
20 21 43 57 20 38
69 70 20 97 35 78
77 67 15 50
16 17 27 60 85 38
75 76 32 73 62 85
62 63 46 74 67 99
19 20 13 96 45 88
25 26 6 95 53 75
12 13 39 79 41 90
68 69 46 29 92 12
6 7 46 84 98 93
4 5 56 17 16 34
61 62 45 7 88 1
72 73 46 38 45 0
52 53 33 21 78 29
7 8 3 69 10 88
23 24 22 10 55 42
66 67 27 34 3 13
20 21 25 32 39 76
43 44 44 47 8 59
45 46 11 57 89 86
73 74 19 1 11 8
27 28 11 61 38 63
22 23 34 72 22 13
35 36 17 53 76 3
3 4 21 81 12 24
21 22 30 76 32 74
53 54 32 20 7 47
57 58 46 69 28 13
9 10 3 31 98 27
46 47 15 44 98 39
14 15 35 89 84 86
29 30 28 29 87 62
56 57 5 33 51 100
51 52 16 60 2 21
1 2 37 38 1 58
60 61 44 60 62 82
33 34 51 73 46 5
40 41 55 91 86 64
50 51 35 37 38 64
30 31 0 78 11 44
10 11 55 70 29 45
55 56 37 79 53 46
58 59 31 55 36 9
34 35 50 31 30 33
13 14 5 61 73 22
15 16 15 47 45 10
74 75 39 91 47 86
48 49 59 15 14 12
24 25 11 41 8 60
2 3 48 62 41 45
54 55 54 92 23 13
65 66 50 88 87 6
69 70 24 3 27 85
28 29 51 57 89 95
18 19 52 38 29 92
32 33 50 55 27 96
47 48 22 75 44 85
39 40 45 96 79 49
44 45 44 54 100 73
11 12 0 45 27 59
38 39 11 88 43 14
26 27 54 82 11 70
36 37 20 62 94 91
71 72 34 50 32 90
37 38 0 91 86 49
8 9 43 97 74 11
49 50 21 38 23 40
63 64 53 50 51 63
5 6 52 34 30 40
93 88 2 92
72 73 45 36 10 74
42 43 14 36 73 27
91 92 28 13 92 69
85 86 55 19 65 81
69 70 53 70 50 80
81 82 58 49 73 33
64 65 15 12 96 7
14 15 49 15 72 87
66 67 20 29 38 60
61 62 25 30 21 35
32 33 14 50 97 77
82 83 16 70 9 60
7 8 6 68 33 52
41 42 8 55 59 30
40 41 37 100 10 20
2 3 7 76 50 84
13 14 43 49 20 27
71 72 33 25 96 38
23 24 40 17 72 33
10 11 20 57 87 78
89 90 48 53 30 16
31 32 0 84 78 91
80 81 38 22 48 96
25 26 3 8 42 92
75 76 46 7 58 25
62 63 35 18 46 61
12 13 5 61 86 93
52 53 35 16 43 31
73 74 33 79 4 31
39 40 54 92 87 100
68 69 56 77 62 13
35 36 36 57 98 71
63 64 54 56 19 9
58 59 33 67 98 36
59 60 38 39 43 21
3 4 14 6 28 36
45 46 40 29 29 59
33 34 19 57 94 76
67 68 2 98 14 76
27 28 2 44 13 20
29 30 1 28 85 34
84 85 2 1 65 43
50 51 26 92 61 90
87 88 32 77 31 86
37 38 8 90 37 95
30 31 47 63 23 57
28 29 10 49 35 43
21 22 49 93 60 35
6 7 41 53 7 62
34 35 59 29 95 24
48 49 0 49 1 72
36 37 51 72 10 77
57 58 49 36 4 29
79 80 47 7 18 52
24 25 32 13 6 55
18 19 2 22 29 19
15 16 44 66 44 60
74 75 33 8 20 60
22 23 7 56 40 58
90 91 6 29 31 56
8 9 29 41 75 3
47 48 31 13 39 95
83 84 52 58 34 48
5 6 41 95 98 82
11 12 44 35 7 98
77 78 46 5 94 4
17 18 20 5 25 8
0 1 56 79 32 95
44 45 6 25 18 40
26 27 2 68 26 52
51 52 40 35 53 67
1 2 6 49 31 30
78 79 25 71 42 72
9 10 8 1 72 70
19 20 31 31 1 5
46 47 0 5 96 66
16 17 12 92 25 85
43 44 14 100 100 39
20 21 54 93 55 46
38 39 24 14 48 11
65 66 36 54 60 19
60 61 36 83 63 37
49 50 57 45 86 85
86 87 19 33 56 67
54 55 12 10 77 98
70 71 29 53 87 89
53 54 47 83 18 58
55 56 47 92 95 92
48 43 6 31
24 25 40 96 24 6
10 11 34 84 49 55
7 8 16 65 97 25
16 17 4 73 23 14
38 39 39 39 38 76
25 26 6 2 32 73
4 5 6 69 56 50
3 4 30 77 69 53
5 6 51 3 83 47
41 42 32 41 63 78
40 41 23 88 34 62
2 3 59 14 48 72
37 38 31 85 65 3
8 9 5 65 24 72
17 18 58 4 6 91
33 34 58 95 79 75
32 33 23 56 61 35
28 29 56 6 4 88
27 28 3 61 29 67
20 21 4 42 63 10
34 35 21 16 29 13
11 12 3 81 59 92
42 43 6 64 44 1
30 31 33 52 39 3
18 19 1 20 1 19
14 15 31 2 50 100
1 2 42 82 88 34
44 45 9 33 1 51
43 44 19 55 26 78
26 27 56 26 16 87
22 23 9 77 8 62
15 16 30 57 18 17
29 30 42 7 68 54
9 10 49 2 92 93
31 32 8 64 60 77
13 14 37 54 67 37
6 7 23 28 79 47
19 20 48 42 36 38
23 24 11 79 30 55
39 40 59 13 1 27
45 46 39 93 63 72
46 47 1 95 47 53
12 13 30 18 29 13
93 78 17 23
78 79 11 54 15 43
85 86 39 50 78 92
42 43 22 80 51 73
18 19 4 4 40 13
50 51 39 84 48 86
16 17 6 7 74 88
45 46 39 83 15 64
66 67 44 11 41 10
69 70 17 9 47 42
48 49 57 48 83 1
0 1 42 17 7 23
87 88 42 8 100 0
3 4 10 6 45 36
36 37 5 56 75 67
14 15 21 33 29 51
76 77 39 79 94 31
10 11 33 71 79 42
29 30 49 79 22 4
12 13 25 44 75 32
64 65 11 98 50 47
20 21 26 76 56 4
81 82 12 6 59 74
68 69 28 24 73 29
1 2 33 34 65 73
53 54 38 41 87 35
70 71 37 90 34 75
49 50 19 89 58 80
39 40 36 89 45 68
22 23 14 68 36 6
56 57 37 67 83 83
86 87 11 84 51 9
17 18 14 41 28 88
33 34 37 20 85 4
38 39 45 85 62 6
28 29 43 36 34 50
27 28 1 46 86 86
26 27 36 67 74 49
9 10 33 80 93 88
52 53 9 49 71 54
5 6 22 11 4 62
61 62 42 51 53 9
75 76 48 88 1 60
47 48 52 57 95 6
71 72 23 12 76 84
11 12 13 85 92 29
60 61 57 47 90 90
4 5 0 29 87 31
37 38 5 92 50 99
91 92 16 81 4 66
30 31 0 45 27 97
80 81 3 95 33 90
72 73 23 86 71 18
21 22 54 12 99 50
25 26 42 27 68 57
62 63 7 56 91 42
24 25 38 8 40 63
46 47 22 60 32 48
7 8 48 38 47 55
58 59 28 27 72 49
13 14 48 97 98 6
89 90 55 5 74 92
44 45 33 75 77 91
31 32 52 52 72 27
15 16 34 89 18 85
32 33 26 34 77 10
77 78 53 81 12 23
40 41 20 82 29 53
57 58 39 6 51 30
83 84 1 27 89 3
63 64 10 55 78 77
35 36 31 83 84 67
23 24 27 10 47 35
88 89 14 5 70 31
8 9 33 62 27 25
67 68 17 56 54 73
74 75 56 61 75 26
82 83 12 1 75 24
51 52 33 37 100 13
23 15 8 12
10 11 51 26 1 59
11 12 6 26 11 15
20 21 21 19 29 19
13 14 10 2 72 77
15 16 37 76 66 15
7 8 49 24 56 95
21 22 56 93 50 88
17 18 10 51 36 31
14 15 58 46 52 20
9 10 2 67 73 66
5 6 3 91 54 32
3 4 37 17 8 12
18 19 34 69 14 16
19 20 56 25 70 87
1 2 48 21 28 91
33 16 11 26
7 8 37 52 63 79
0 1 13 40 28 17
12 13 11 95 92 35
31 32 17 94 30 68
29 30 8 40 18 55
4 5 16 37 4 80
9 10 49 23 25 78
15 16 36 25 61 3
19 20 36 56 83 43
2 3 13 65 36 93
26 27 18 13 8 99
3 4 27 52 11 23
8 9 13 78 2 6
18 19 44 58 88 88
10 11 16 55 11 100
21 22 33 20 96 61
78 76 14 58
32 33 57 91 89 62
41 42 29 85 85 97
38 39 56 2 29 100
39 40 42 37 82 25
37 38 56 92 60 57
10 11 31 93 23 70
28 29 4 46 44 93
53 54 35 9 24 13
36 37 46 7 40 53
59 60 31 90 81 3
56 57 44 25 1 65
17 18 15 6 55 63
50 51 45 32 80 53
35 36 48 93 53 72
69 70 23 71 65 79
0 1 20 20 53 15
34 35 9 71 31 5
45 46 54 39 45 88
76 77 33 60 57 57
19 20 19 63 39 76
1 2 36 63 42 66
42 43 40 5 1 83
70 71 15 1 90 27
64 65 31 45 70 30
55 56 32 44 50 98
58 59 19 10 64 56
72 73 55 98 63 38
12 13 25 58 23 82
44 45 37 90 86 1
33 34 42 5 57 5
29 30 31 77 94 25
71 72 44 77 25 16
57 58 27 46 70 18
40 41 37 94 68 25
52 53 47 1 36 89
51 52 6 20 60 2
18 19 24 3 34 33
25 26 48 5 5 48
27 28 34 87 73 45
16 17 23 37 15 91
7 8 46 67 75 48
4 5 53 18 71 88
30 31 27 87 15 37
73 74 47 26 96 70
74 75 4 13 17 77
23 24 56 74 72 62
60 61 17 91 64 58
66 67 54 51 23 61
24 25 57 71 12 60
65 66 25 97 98 21
14 15 23 54 92 91
31 32 37 84 36 6
8 9 13 24 50 60
43 44 24 11 81 25
15 16 27 96 60 21
67 68 33 28 63 68
26 27 22 8 17 71
63 64 50 42 34 96
5 6 53 66 38 45
11 12 0 92 77 7
20 21 53 95 63 69
75 76 30 28 69 19
48 49 12 70 63 39
6 7 5 38 91 94
54 55 4 22 5 42
22 23 14 53 91 61
3 4 19 92 84 17
46 47 57 96 81 73
2 3 21 19 14 36
9 10 26 34 29 68
49 50 40 92 27 64
47 48 22 3 69 47
62 63 2 74 47 8
68 69 30 8 28 94
13 14 59 48 6 19
61 62 21 66 98 84
95 79 25 40
70 71 50 75 21 48
4 5 1 23 85 20
90 91 47 89 35 13
83 84 51 69 42 81
6 7 0 39 1 41
87 88 9 46 76 46
2 3 9 64 62 63
7 8 14 5 97 20
71 72 27 19 79 45
92 93 51 8 36 4
77 78 16 14 74 47
59 60 38 69 47 34
13 14 30 29 97 34
8 9 35 37 58 30
31 32 41 42 40 73
17 18 38 38 37 88
16 17 29 9 33 49
44 45 47 59 84 33
79 80 47 65 6 41
54 55 40 46 30 1
34 35 4 52 7 72
78 79 49 98 97 28
72 73 20 92 92 56
66 67 8 4 40 55
39 40 31 9 6 36
1 2 57 11 69 42
88 89 55 87 58 22
25 26 13 21 42 45
73 74 31 69 34 88
46 47 56 39 87 80
26 27 30 69 59 30
52 53 37 3 64 68
55 56 28 11 86 85
91 92 54 11 37 19
74 75 1 93 34 82
67 68 20 35 47 29
42 43 17 52 54 65
43 44 20 86 3 99
27 28 5 8 91 86
15 16 16 48 45 74
20 21 47 36 15 71
48 49 56 70 65 12
84 85 36 11 37 43
51 52 39 84 14 50
89 90 49 2 38 34
5 6 31 67 3 85
36 37 9 74 99 93
50 51 16 78 93 5
29 30 6 87 50 17
19 20 0 40 62 7
28 29 21 11 62 27
65 66 19 26 8 45
61 62 47 24 11 26
47 48 15 35 71 81
80 81 42 99 6 6
86 87 22 25 41 34
3 4 21 10 10 37
69 70 50 83 27 88
24 25 35 48 11 53
35 36 41 90 65 48
37 38 44 13 47 53
23 24 17 14 90 67
21 22 12 42 27 2
45 46 25 86 94 27
11 12 41 17 92 35
93 94 42 51 77 50
76 77 29 98 4 88
12 13 14 16 30 23
49 50 4 97 15 22
32 33 20 11 86 53
64 65 37 2 27 13
75 76 47 16 92 92
14 15 19 89 72 31
40 41 6 55 99 60
18 19 4 46 1 4
62 63 20 47 40 97
56 57 44 2 96 6
63 64 40 88 69 8
0 1 2 90 34 33
56 44 8 54
47 48 15 23 68 89
16 17 3 25 62 89
34 35 43 71 8 51
33 34 8 62 96 85
31 32 27 73 70 9
26 27 45 80 83 86
14 15 56 3 75 9
28 29 3 80 70 14
5 6 30 48 98 52
15 16 35 18 84 65
3 4 18 31 28 51
29 30 18 81 45 37
0 1 28 95 68 42
12 13 26 77 40 89
2 3 6 58 65 74
13 14 23 67 17 56
51 52 37 81 11 34
10 11 12 69 43 46
39 40 2 44 28 14
24 25 42 67 72 63
44 45 40 71 55 2
53 54 2 52 42 87
50 51 42 20 33 43
7 8 1 82 79 45
30 31 40 13 21 11
45 46 50 49 19 65
20 21 41 37 87 30
11 12 20 47 37 6
42 43 29 57 98 3
1 2 2 29 5 16
6 7 45 73 57 16
49 50 10 62 7 11
8 9 51 81 6 36
36 37 25 74 88 97
17 18 49 57 18 98
35 36 17 41 96 97
9 10 27 54 93 51
48 49 42 75 52 0
21 22 23 96 39 61
40 41 16 84 5 80
22 23 35 42 33 13
18 19 1 52 67 3
41 42 27 90 34 98
27 28 20 33 57 11
71 36 10 21
57 58 7 30 72 73
2 3 5 90 87 33
1 2 27 57 7 20
30 31 12 7 54 72
12 13 50 34 90 23
21 22 21 30 69 68
9 10 43 92 70 68
7 8 54 85 88 94
34 35 45 6 88 60
32 33 45 47 97 4
35 36 46 73 63 43
52 53 11 77 24 87
61 62 28 59 84 56
40 41 0 48 58 51
47 48 6 30 87 10
36 37 34 30 59 41
25 26 11 100 47 7
69 70 3 97 38 60
67 68 47 66 60 83
14 15 28 29 98 44
45 46 50 23 43 70
41 42 42 64 30 41
33 34 45 72 27 84
5 6 37 1 83 79
16 17 37 98 34 47
62 63 34 6 88 95
39 40 33 67 71 3
54 55 46 7 62 21
3 4 21 30 78 30
20 21 53 27 32 16
64 65 42 79 54 3
13 14 5 24 88 11
29 30 6 90 22 54
15 16 5 5 6 88
10 11 34 54 89 38
51 52 55 97 31 35
35 34 19 31
31 32 57 49 23 90
1 2 14 28 32 20
24 25 28 95 86 68
15 16 19 82 14 66
30 31 29 67 85 98
8 9 17 6 25 39
12 13 49 33 32 0
18 19 46 73 63 7
4 5 11 52 80 35
33 34 40 32 91 3
10 11 17 20 75 26
32 33 46 16 78 4
16 17 4 33 44 70
14 15 21 80 78 89
29 30 42 59 72 97
22 23 10 78 49 63
28 29 34 77 22 56
13 14 39 19 66 98
0 1 6 43 43 61
3 4 41 98 35 74
7 8 57 30 31 60
20 21 48 31 74 8
27 28 45 51 72 82
25 26 47 89 60 59
19 20 45 95 72 54
23 24 32 16 69 5
17 18 51 49 18 1
2 3 38 55 96 59
11 12 30 39 84 62
6 7 48 64 66 0
9 10 2 44 33 31
26 27 35 30 42 43
5 6 55 9 56 12
21 22 10 69 7 55
29 27 1 14
14 15 56 7 20 18
11 12 39 55 39 19
5 6 26 10 73 96
1 2 55 91 16 47
24 25 23 15 32 89
17 18 50 11 98 2
0 1 48 60 1 66
15 16 52 74 34 48
13 14 59 21 60 34
7 8 50 8 19 37
16 17 12 65 29 63
2 3 55 75 2 68
21 22 12 1 72 98
6 7 40 88 7 89
27 28 42 4 12 47
4 5 39 7 22 29
20 21 26 50 62 61
26 27 15 70 66 88
22 23 12 18 50 72
12 13 40 65 42 34
8 9 54 55 14 39
18 19 39 69 97 70
23 24 45 34 28 16
3 4 18 34 16 54
9 10 11 68 74 29
10 11 38 85 75 49
19 20 8 79 10 1
69 53 6 37
54 55 28 95 72 12
50 51 12 46 83 10
45 46 16 92 10 52
26 27 34 98 91 10
42 43 15 13 100 60
19 20 40 87 92 42
13 14 45 38 84 61
12 13 37 61 78 72
28 29 58 3 50 89
36 37 31 98 37 89
2 3 59 72 51 0
15 16 40 49 6 72
39 40 13 34 24 27
55 56 16 91 80 26
3 4 32 40 76 33
61 62 53 81 25 1
1 2 44 99 30 76
38 39 52 63 56 19
37 38 25 6 33 95
34 35 10 30 28 26
66 67 2 83 100 20
4 5 40 26 29 91
53 54 30 69 12 57
52 53 4 79 18 98
59 60 14 93 34 86
58 59 11 41 76 82
51 52 46 28 23 65
64 65 38 58 49 49
56 57 15 87 78 1
16 17 3 100 88 33
8 9 13 5 3 100
46 47 45 26 70 47
22 23 34 54 15 39
25 26 50 80 79 34
10 11 36 37 97 49
18 19 12 97 96 93
29 30 19 79 14 13
23 24 51 16 83 37
32 33 21 64 31 71
48 49 49 60 12 81
17 18 50 45 17 79
63 64 15 34 14 46
33 34 48 96 35 49
9 10 0 52 15 13
44 45 16 83 94 74
21 22 20 20 76 37
14 15 59 77 89 64
62 63 25 98 90 14
5 6 54 97 41 97
41 42 48 23 70 68
24 25 46 53 60 31
27 28 6 97 96 31
65 66 20 84 97 69
80 50 22 78
33 34 7 31 16 39
67 68 17 66 7 77
74 75 10 11 42 32
5 6 56 68 50 8
19 20 25 92 5 83
1 2 56 99 31 78
7 8 23 89 29 74
64 65 33 49 14 30
46 47 57 43 83 82
63 64 50 17 5 49
42 43 46 3 54 2
25 26 18 78 55 69
6 7 22 2 87 81
2 3 32 68 10 31
78 79 13 99 72 59
4 5 8 2 24 24
12 13 35 23 78 1
75 76 56 38 66 51
58 59 8 61 54 82
0 1 15 5 97 16
49 50 22 13 68 18
57 58 44 33 20 99
48 49 5 50 91 11
9 10 8 20 27 43
73 74 56 98 19 85
71 72 1 36 10 71
76 77 50 69 70 74
11 12 49 91 5 73
51 52 28 52 21 43
59 60 56 96 67 73
45 46 55 15 58 80
70 71 23 83 53 28
66 67 31 67 17 86
18 19 16 27 67 50
26 27 50 7 14 18
52 53 54 91 17 79
36 37 45 85 97 77
31 32 51 76 56 6
56 57 43 16 58 48
17 18 7 8 62 47
22 23 48 88 21 38
38 39 59 78 19 77
29 30 36 92 27 98
32 33 56 16 74 49
55 56 43 52 61 34
43 44 13 21 46 49
50 51 30 21 76 56
37 38 41 68 47 38
34 35 21 48 90 33
21 22 44 57 7 32
71 48 0 5
48 49 31 20 19 73
52 53 36 13 47 60
13 14 2 3 43 90
64 65 56 78 6 76
32 33 18 39 94 73
14 15 7 48 76 34
54 55 14 85 37 73
31 32 47 24 64 11
51 52 0 82 87 27
53 54 46 45 95 28
35 36 59 81 6 98
19 20 24 3 61 95
6 7 31 52 34 44
29 30 52 49 56 31
60 61 28 66 2 33
28 29 12 28 25 74
65 66 22 61 14 27
10 11 32 21 89 99
63 64 2 47 17 24
66 67 53 1 36 79
22 23 36 56 8 63
45 46 54 57 29 12
0 1 11 59 21 79
12 13 45 4 2 37
16 17 33 55 69 51
69 70 41 93 96 52
57 58 59 24 6 14
21 22 1 44 81 100
17 18 56 10 40 35
2 3 39 28 94 49
33 34 58 62 71 81
55 56 47 100 49 67
39 40 10 38 62 95
36 37 42 91 37 57
1 2 56 50 67 80
30 31 21 64 34 45
3 4 3 83 87 70
5 6 18 24 64 16
62 63 0 75 52 44
38 39 12 47 85 77
43 44 37 34 54 73
42 43 4 45 90 100
47 48 25 95 78 28
46 47 55 8 4 15
44 45 6 83 44 87
61 62 42 59 50 51
40 41 18 69 89 78
15 16 41 6 46 64
78 75 19 58
22 23 54 16 91 2
73 74 1 46 68 13
53 54 57 100 74 6
65 66 42 93 74 32
50 51 56 74 90 43
7 8 51 89 72 38
25 26 10 16 46 73
0 1 4 25 17 79
61 62 47 40 8 0
68 69 0 5 93 89
51 52 24 68 23 56
34 35 15 26 54 84
45 46 30 25 56 76
11 12 23 89 65 56
18 19 21 84 97 49
24 25 22 62 20 38
9 10 22 41 95 56
41 42 56 80 66 98
20 21 46 85 20 82
66 67 22 51 29 70
10 11 30 84 8 33
55 56 17 62 38 23
2 3 21 69 22 1
29 30 28 29 17 23
21 22 41 77 75 39
13 14 25 39 75 82
58 59 52 53 7 92
35 36 49 4 5 64
46 47 49 44 21 33
19 20 51 44 22 95
57 58 40 71 12 6
48 49 32 31 43 60
70 71 13 87 42 77
74 75 46 69 77 35
42 43 40 30 75 5
3 4 27 17 35 58
67 68 11 45 26 89
1 2 42 35 94 34
59 60 53 2 56 96
56 57 20 18 41 47
49 50 52 16 4 92
4 5 47 10 16 45
71 72 23 76 8 72
6 7 59 90 85 89
23 24 51 50 30 93
62 63 41 78 11 67
40 41 17 92 1 50
17 18 41 96 7 66
47 48 59 65 100 53
54 55 52 100 10 68
26 27 58 63 79 54
76 77 5 46 59 45
36 37 1 72 30 73
30 31 9 13 50 19
14 15 38 99 81 75
69 70 36 40 78 89
38 39 28 24 87 26
33 34 29 20 73 3
15 16 20 86 98 48
8 9 23 18 15 90
72 73 13 55 66 21
52 53 11 81 38 99
5 6 18 86 26 86
60 61 39 78 54 32
28 29 35 77 10 93
44 45 22 68 64 6
27 28 35 68 11 49
63 64 18 10 91 37
37 38 37 80 39 90
16 17 18 40 44 1
43 44 35 19 6 10
64 65 36 23 67 3
31 32 34 27 35 94
39 40 29 99 92 72
32 33 7 31 20 47
100 95 82 89
1 2 56 21 70 53
64 65 44 56 20 90
26 27 35 35 60 46
4 5 55 90 15 34
69 70 4 48 63 98
55 56 52 20 23 14
76 77 37 71 25 43
52 53 23 26 70 87
15 16 53 45 94 88
5 6 52 76 51 95
41 42 20 43 44 54
84 85 33 96 37 5
29 30 53 58 47 16
54 55 17 57 80 76
56 57 33 23 63 33
91 92 3 66 38 10
94 95 51 44 1 52
20 21 34 58 81 43
2 3 58 1 97 34
74 75 27 83 12 1
86 87 42 74 68 66
81 82 46 67 24 93
46 47 0 80 87 83
21 22 38 4 34 97
36 37 34 100 28 68
33 34 24 80 11 44
79 80 34 79 32 89
50 51 37 22 56 16
22 23 56 51 58 3
59 60 49 94 63 7
35 36 17 85 20 57
44 45 1 95 46 3
34 35 59 37 7 97
61 62 42 48 54 60
85 86 3 68 14 70
30 31 22 8 57 32
18 19 24 6 85 65
80 81 38 9 39 33
13 14 9 46 47 5
93 94 40 71 36 70
6 7 5 61 35 35
78 79 24 43 90 20
97 98 15 58 47 55
16 17 35 58 88 49
48 49 1 22 17 0
95 96 5 37 54 18
23 24 12 31 64 29
14 15 18 35 34 100
8 9 24 94 68 95
31 32 39 11 24 73
7 8 5 12 34 17
47 48 26 57 74 71
25 26 8 22 99 47
92 93 0 18 35 66
73 74 34 2 4 41
39 40 8 75 50 46
82 83 40 45 26 22
10 11 50 88 54 0
77 78 47 81 92 43
37 38 44 1 9 42
19 20 3 75 86 17
70 71 50 100 50 90
51 52 30 58 85 81
90 91 8 73 57 11
71 72 44 25 64 47
38 39 56 43 32 80
60 61 28 90 69 83
24 25 14 49 58 51
53 54 51 64 61 23
9 10 43 88 47 70
58 59 3 57 9 11
43 44 6 60 37 45
88 89 43 20 66 24
75 76 36 20 60 78
45 46 18 1 38 89
68 69 7 3 14 65
27 28 4 84 30 49
87 88 48 34 98 49
0 1 42 68 26 18
98 99 11 79 82 58
11 12 58 56 68 97
57 58 14 40 50 63
83 84 40 49 48 71
89 90 15 39 44 91
32 33 15 20 83 65
49 50 39 52 83 41
72 73 30 47 34 62
28 29 25 38 73 36
17 18 44 90 99 36
65 66 6 60 37 25
40 41 7 88 37 92
42 43 18 74 32 88
67 68 33 17 67 24
62 63 8 7 62 65
12 13 26 36 1 94
100 96 31 91
82 83 50 94 75 95
8 9 39 49 90 86
23 24 22 43 71 82
21 22 55 55 95 67
75 76 17 16 51 34
17 18 41 51 8 89
33 34 31 37 70 12
10 11 35 72 72 1
90 91 16 85 99 33
91 92 7 78 25 83
50 51 31 94 40 10
35 36 11 48 2 37
26 27 17 95 1 75
44 45 54 78 3 83
54 55 35 19 39 75
92 93 13 93 3 75
60 61 55 48 83 46
96 97 27 48 80 48
57 58 30 89 33 71
47 48 32 81 2 85
83 84 27 26 10 41
37 38 30 39 36 90
2 3 57 71 98 21
58 59 35 84 74 74
52 53 23 89 84 18
85 86 44 25 93 11
51 52 30 23 91 75
65 66 51 10 96 94
9 10 57 77 35 17
48 49 2 38 88 24
5 6 12 47 3 2
72 73 58 26 80 24
46 47 40 36 78 95
7 8 48 78 73 45
95 96 28 61 99 12
87 88 27 16 30 49
25 26 11 6 32 96
1 2 22 24 60 49
34 35 30 80 66 98
88 89 21 34 21 9
84 85 40 94 43 89
53 54 15 17 95 26
32 33 12 52 95 97
59 60 25 27 58 12
62 63 39 41 51 25
56 57 0 94 68 46
45 46 30 70 87 36
4 5 11 55 85 75
11 12 4 50 66 30
6 7 5 5 70 57
29 30 6 11 28 81
69 70 6 91 18 37
68 69 18 51 2 72
70 71 26 96 88 66
20 21 39 95 100 52
66 67 26 33 10 15
80 81 4 64 77 33
81 82 3 65 73 93
97 98 49 87 10 15
22 23 0 73 19 54
12 13 6 18 84 0
13 14 51 8 69 23
38 39 11 5 49 13
93 94 8 70 98 82
42 43 37 17 99 7
76 77 15 52 71 81
36 37 0 13 48 0
49 50 31 85 15 5
89 90 11 28 64 46
30 31 42 93 40 55
67 68 6 42 27 71
27 28 57 95 11 85
94 95 57 79 89 53
86 87 46 98 78 54
61 62 44 40 43 36
74 75 31 92 53 41
98 99 38 58 73 89
79 80 32 74 90 74
73 74 24 38 97 6
28 29 29 48 65 47
71 72 26 79 10 81
15 16 20 70 92 50
63 64 19 7 83 72
19 20 40 10 33 41
14 15 35 12 96 28
39 40 25 97 98 85
78 79 43 10 24 74
18 19 0 63 35 11
41 42 8 38 88 92
24 25 20 38 96 57
0 1 9 42 93 45
77 78 9 37 30 8
3 4 43 33 82 45
16 17 8 28 17 6
55 56 48 85 60 99
64 65 3 22 41 50
100 82 10 78
40 41 32 45 44 7
49 50 0 65 80 70
20 21 16 86 89 9
43 44 30 10 98 22
46 47 19 32 43 68
79 80 5 22 15 43
93 94 57 96 67 7
65 66 57 4 72 80
35 36 21 51 59 93
96 97 39 75 54 63
15 16 54 37 37 100
37 38 41 8 86 45
60 61 39 25 13 61
69 70 37 49 15 83
16 17 56 52 81 84
36 37 2 21 14 54
22 23 18 8 36 34
11 12 48 72 19 11
87 88 28 49 76 80
51 52 14 21 47 59
98 99 25 86 6 89
45 46 39 30 73 92
25 26 47 3 49 43
75 76 9 2 80 38
67 68 36 2 25 63
6 7 29 86 77 23
17 18 10 71 98 7
81 82 27 50 12 91
18 19 30 9 80 2
95 96 49 18 79 58
10 11 58 27 66 51
2 3 13 7 68 84
80 81 40 59 80 29
73 74 12 54 42 53
61 62 4 33 3 63
71 72 2 2 56 79
91 92 43 13 69 40
8 9 3 36 5 88
50 51 2 27 69 30
88 89 33 70 90 83
42 43 49 41 20 63
76 77 43 51 84 59
70 71 46 44 95 46
52 53 33 68 31 81
68 69 47 17 17 95
57 58 30 86 26 52
19 20 6 85 99 45
30 31 17 80 50 24
4 5 17 13 60 73
0 1 3 50 26 4
44 45 29 39 37 46
28 29 46 58 51 33
33 34 36 87 37 45
31 32 14 25 69 11
53 54 29 57 75 71
58 59 4 93 69 78
85 86 23 62 60 47
74 75 22 64 56 36
82 83 13 70 37 58
64 65 9 58 78 42
59 60 16 90 11 12
89 90 13 1 59 14
86 87 51 82 14 54
9 10 6 61 80 72
29 30 27 77 17 62
41 42 59 35 8 30
48 49 8 88 77 52
3 4 10 85 39 68
26 27 35 18 60 11
21 22 53 74 20 15
7 8 40 46 31 15
39 40 30 36 48 39
14 15 49 19 77 38
94 95 55 77 60 50
32 33 52 60 78 3
56 57 19 28 11 99
97 98 9 97 10 14
72 73 38 66 80 95
34 35 30 53 60 11
27 28 13 80 35 2
77 78 38 95 52 79
84 85 51 79 56 83
100 98 0 99
7 8 38 29 86 22
3 4 54 22 9 41
55 56 0 54 17 54
39 40 46 59 7 45
60 61 22 91 69 6
76 77 34 51 55 81
62 63 30 10 9 79
86 87 22 64 29 35
23 24 31 56 60 99
14 15 18 73 47 42
8 9 3 36 99 20
53 54 35 95 57 98
90 91 26 62 20 29
9 10 28 13 81 73
50 51 56 27 81 50
27 28 6 11 19 29
93 94 32 27 66 53
72 73 31 68 87 27
78 79 42 34 2 66
34 35 45 71 38 99
40 41 24 10 85 81
98 99 52 25 11 92
21 22 25 18 5 33
66 67 54 91 71 69
17 18 9 91 2 55
41 42 27 96 88 92
18 19 48 5 80 65
30 31 34 61 52 47
44 45 45 62 19 81
15 16 53 3 15 99
80 81 58 33 79 89
31 32 33 71 86 50
75 76 14 72 6 21
11 12 57 50 87 86
19 20 51 10 65 33
24 25 16 73 4 100
42 43 24 99 69 89
71 72 4 35 88 24
65 66 3 98 73 83
20 21 2 59 40 97
89 90 2 100 81 7
35 36 24 84 79 6
22 23 8 46 64 55
16 17 49 74 72 85
64 65 58 71 49 55
33 34 43 78 86 55
28 29 18 99 14 41
58 59 38 75 38 2
91 92 50 62 23 97
32 33 16 100 96 19
51 52 13 20 12 7
61 62 18 60 11 40
77 78 45 8 14 74
43 44 39 3 80 81
57 58 36 55 34 38
82 83 16 49 84 78
36 37 55 13 30 61
37 38 38 12 93 15
4 5 57 77 16 5
73 74 10 58 68 20
0 1 45 65 14 44
97 98 52 11 81 32
26 27 1 19 9 76
29 30 49 34 46 87
5 6 38 2 85 41
96 97 46 44 31 99
69 70 37 15 44 95
81 82 1 67 31 92
70 71 35 44 62 78
94 95 25 53 45 24
88 89 44 29 44 53
2 3 20 26 12 6
1 2 16 51 41 7
63 64 56 37 95 32
67 68 32 20 29 53
68 69 39 77 69 18
85 86 17 78 10 63
48 49 24 55 98 6
56 57 9 62 24 10
79 80 31 6 25 80
87 88 14 88 50 90
13 14 57 79 78 34
45 46 16 71 98 24
83 84 26 6 70 41
47 48 21 48 60 89
74 75 28 87 14 68
25 26 19 88 94 58
52 53 6 72 9 3
49 50 6 80 33 56
12 13 22 18 76 79
46 47 51 65 87 13
54 55 17 6 29 37
10 11 46 17 69 44
6 7 41 63 63 45
59 60 29 2 89 60
95 96 48 77 73 79
38 39 33 74 30 3
92 93 47 24 79 67
100 84 0 99
60 61 2 39 47 82
25 26 20 89 68 25
41 42 23 63 75 20
21 22 35 33 10 30
36 37 35 34 21 23
75 76 50 76 60 70
18 19 34 39 67 91
86 87 56 3 15 45
61 62 17 7 18 84
24 25 14 7 14 100
84 85 14 8 80 15
65 66 13 98 66 51
13 14 58 32 22 79
79 80 44 55 100 83
56 57 37 3 68 20
14 15 33 59 100 36
32 33 2 4 5 18
92 93 50 30 11 62
94 95 33 92 12 89
1 2 49 7 88 6
66 67 31 66 57 96
26 27 22 43 70 50
67 68 25 83 34 100
40 41 39 44 71 70
96 97 43 56 34 29
3 4 12 96 93 97
95 96 46 26 17 65
89 90 39 1 74 51
20 21 26 2 55 47
49 50 57 11 6 44
48 49 53 32 49 96
43 44 27 36 95 8
70 71 44 29 50 24
78 79 4 40 89 41
72 73 34 43 38 7
97 98 19 16 54 91
17 18 2 69 89 76
54 55 50 57 39 4
9 10 6 12 70 46
82 83 45 13 92 12
30 31 19 72 38 99
71 72 59 76 97 43
23 24 35 7 23 83
35 36 35 21 5 78
74 75 25 21 2 85
39 40 17 72 23 28
77 78 19 60 7 0
11 12 51 71 9 48
52 53 11 79 44 80
80 81 33 52 22 2
63 64 47 43 66 31
98 99 38 39 79 81
7 8 40 78 13 28
2 3 38 100 1 47
37 38 15 96 41 10
81 82 12 23 55 3
88 89 56 71 47 82
46 47 30 26 67 95
4 5 7 98 58 76
53 54 50 100 1 33
83 84 19 36 66 82
34 35 48 98 18 23
12 13 12 73 71 100
6 7 3 81 54 100
45 46 28 26 80 46
16 17 7 15 61 89
31 32 3 28 30 89
76 77 31 80 46 65
68 69 43 26 45 20
64 65 3 39 29 29
47 48 6 54 27 60
22 23 59 96 74 48
44 45 43 23 73 39
42 43 8 46 94 65
57 58 31 74 29 18
91 92 48 84 45 0
62 63 54 66 75 64
19 20 2 17 87 26
28 29 15 84 54 87
93 94 18 100 49 10
0 1 52 38 37 15
85 86 40 74 96 63
87 88 27 91 78 69
90 91 45 84 32 83
