100
2 1 0 1
0 1 13 41 53 23
2 1 0 1
0 1 57 97 25 57
76 75 41 59
71 72 39 91 62 83
7 8 56 32 83 39
41 42 27 52 96 56
5 6 50 32 71 80
58 59 59 57 85 99
65 66 53 67 57 24
55 56 30 17 100 44
63 64 7 17 25 89
9 10 12 68 93 33
11 12 31 95 80 29
34 35 11 21 79 29
62 63 22 83 91 30
25 26 43 51 89 32
6 7 58 81 63 87
45 46 45 75 12 31
73 74 48 79 47 97
36 37 40 71 19 34
47 48 1 99 45 44
74 75 18 5 8 90
26 27 14 2 73 45
35 36 42 52 45 66
70 71 44 15 43 62
29 30 10 26 40 100
49 50 1 9 18 13
14 15 42 15 45 27
4 5 52 28 7 34
64 65 17 53 49 81
32 33 58 92 67 64
17 18 12 67 74 83
24 25 39 77 23 40
57 58 35 48 66 44
42 43 40 87 52 40
61 62 34 89 69 62
48 49 8 23 22 89
13 14 53 49 27 14
30 31 45 90 91 48
3 4 9 85 45 38
8 9 6 58 14 45
51 52 23 30 85 2
10 11 5 40 15 22
23 24 24 98 11 79
72 73 58 85 46 57
16 17 39 45 87 88
69 70 4 40 91 22
52 53 8 26 55 60
2 3 45 64 29 94
15 16 59 73 13 77
37 38 27 55 5 35
21 22 7 88 4 83
12 13 50 26 50 74
0 1 9 54 54 25
54 55 47 71 1 65
39 40 13 38 84 59
1 2 55 34 54 47
44 45 23 56 52 16
18 19 53 11 19 22
27 28 30 37 36 2
50 51 26 48 78 26
38 39 26 68 93 96
28 29 3 72 63 18
60 61 20 82 38 81
53 54 3 17 28 75
31 32 9 40 29 77
68 69 13 35 3 69
67 68 34 9 66 2
43 44 6 29 81 58
22 23 20 89 1 30
46 47 37 55 11 6
19 20 21 36 47 18
33 34 50 61 10 56
66 67 0 19 36 56
56 57 19 25 38 84
40 41 55 98 20 30
20 21 28 48 20 90
59 60 33 61 82 1
59 48 20 57
44 45 23 99 37 98
25 26 10 55 61 38
19 20 23 28 93 60
40 41 58 100 93 36
34 35 50 59 29 37
18 19 44 60 8 41
7 8 23 4 22 42
38 39 7 47 49 94
17 18 29 11 99 0
37 38 18 89 19 42
48 49 15 93 54 50
46 47 37 50 21 89
13 14 4 76 46 69
42 43 9 17 3 49
12 13 59 85 53 13
15 16 26 67 35 91
5 6 52 59 16 63
3 4 59 59 42 12
32 33 45 37 47 10
51 52 51 84 32 43
23 24 54 99 26 42
0 1 59 52 90 87
49 50 6 34 95 72
35 36 51 48 37 88
53 54 40 65 74 29
31 32 48 45 96 81
36 37 58 76 93 72
28 29 36 30 80 84
57 58 42 91 29 100
50 51 55 52 96 31
8 9 49 90 43 35
22 23 4 45 35 6
1 2 45 74 83 80
14 15 15 49 16 58
2 3 10 39 72 6
4 5 51 44 52 51
21 22 21 91 43 20
47 48 28 46 32 76
56 57 42 20 78 15
39 40 5 66 60 73
33 34 2 17 48 7
9 10 48 95 70 27
30 31 45 20 44 48
10 11 3 62 73 36
55 56 32 2 77 94
24 25 19 12 54 89
52 53 32 24 42 70
26 27 20 75 20 2
60 59 13 25
26 27 4 62 61 49
21 22 31 95 92 25
0 1 32 94 57 38
6 7 24 98 30 48
29 30 47 79 56 87
12 13 1 91 58 23
34 35 50 50 88 64
45 46 20 2 10 8
37 38 14 100 74 41
44 45 50 19 55 23
4 5 46 20 31 6
27 28 47 52 64 19
50 51 34 37 9 10
58 59 24 4 40 71
39 40 8 41 86 70
20 21 6 10 21 82
19 20 45 55 73 27
25 26 18 8 16 11
18 19 43 19 5 10
3 4 26 20 27 80
11 12 53 87 76 14
28 29 13 63 20 86
46 47 2 80 45 43
33 34 44 33 58 52
51 52 37 32 28 56
5 6 13 71 64 85
35 36 29 60 49 17
57 58 9 69 15 34
36 37 16 72 40 11
14 15 20 87 69 36
10 11 41 18 7 26
49 50 22 67 52 32
8 9 50 54 66 49
2 3 42 46 18 0
48 49 19 100 42 8
53 54 48 18 25 96
15 16 46 56 37 91
40 41 7 75 14 55
56 57 38 52 77 85
54 55 47 85 27 6
42 43 5 35 56 29
13 14 13 5 96 24
55 56 14 22 59 34
38 39 20 15 36 69
32 33 10 8 81 50
52 53 30 63 73 33
1 2 44 2 41 65
7 8 13 9 54 88
9 10 44 53 93 49
43 44 59 13 48 1
30 31 9 94 67 52
16 17 9 90 54 26
17 18 59 100 70 97
31 32 57 58 45 60
41 42 30 50 87 54
22 23 21 83 69 1
24 25 16 45 18 93
47 48 57 39 29 53
23 24 42 92 96 79
64 61 2 28
17 18 48 26 38 37
58 59 8 72 28 35
2 3 3 11 95 83
9 10 53 82 77 74
28 29 22 61 74 59
44 45 39 13 28 91
40 41 33 32 96 15
34 35 15 12 40 4
49 50 4 14 29 63
29 30 20 41 63 14
57 58 58 95 14 50
32 33 30 20 64 98
46 47 2 23 55 33
23 24 13 42 74 87
54 55 26 79 79 74
52 53 40 1 84 93
62 63 58 81 61 51
48 49 14 69 95 35
13 14 40 24 67 95
10 11 13 56 92 33
12 13 52 81 65 86
38 39 16 11 10 6
51 52 58 74 80 16
42 43 38 48 52 50
30 31 48 76 2 78
22 23 20 55 91 71
39 40 9 43 96 44
37 38 42 72 52 75
35 36 59 12 25 96
19 20 9 88 38 80
59 60 44 54 94 55
0 1 53 14 10 9
6 7 3 90 56 41
21 22 21 11 25 16
25 26 45 21 76 27
47 48 21 31 28 29
56 57 12 57 77 56
55 56 53 29 75 59
50 51 8 90 13 11
7 8 12 71 87 41
20 21 52 57 87 15
31 32 2 5 55 73
15 16 47 50 60 36
27 28 9 23 87 75
3 4 9 54 67 47
60 61 47 28 73 42
41 42 32 66 78 62
36 37 55 20 12 86
11 12 30 78 64 99
24 25 29 32 40 82
45 46 23 36 12 3
18 19 17 76 85 81
5 6 33 80 13 13
4 5 17 33 48 81
8 9 35 56 83 76
1 2 32 11 81 67
53 54 58 91 38 31
14 15 0 96 44 34
33 34 22 78 12 3
16 17 0 14 22 54
43 44 53 59 97 85
73 66 5 54
15 16 36 72 29 7
50 51 23 56 45 1
71 72 21 85 34 84
0 1 24 62 28 2
54 55 27 22 23 75
17 18 11 34 55 79
28 29 17 40 38 39
10 11 59 80 55 91
19 20 32 16 90 25
21 22 27 59 34 97
25 26 54 36 94 12
38 39 38 20 81 13
62 63 52 85 15 23
41 42 11 69 81 76
29 30 24 25 11 27
56 57 22 23 38 71
52 53 31 57 16 61
22 23 4 23 14 3
55 56 17 42 36 13
7 8 32 91 58 49
53 54 9 89 33 69
3 4 55 4 75 45
61 62 36 66 59 18
37 38 46 26 2 28
26 27 43 25 33 0
64 65 13 21 55 99
59 60 26 20 43 92
18 19 40 49 5 89
2 3 1 67 93 41
57 58 54 3 72 18
69 70 2 46 27 77
30 31 3 41 42 36
70 71 30 32 8 75
14 15 14 6 79 17
24 25 4 63 30 55
51 52 21 26 14 44
32 33 56 79 82 25
27 28 36 43 23 79
45 46 10 35 14 25
68 69 49 24 41 54
40 41 38 94 79 74
9 10 26 67 13 84
46 47 53 31 78 28
49 50 57 8 56 8
42 43 45 38 21 14
20 21 29 61 49 7
23 24 17 65 81 27
66 67 41 99 14 54
4 5 41 23 70 37
60 61 51 55 23 18
1 2 17 10 18 19
43 44 13 57 59 54
67 68 55 66 92 47
35 36 19 28 87 82
13 14 24 37 18 36
65 66 35 25 31 34
6 7 3 85 80 64
48 49 18 75 5 10
44 45 56 77 30 68
63 64 21 42 55 69
33 34 18 33 41 23
34 35 8 85 44 81
47 48 15 52 38 26
8 9 45 61 56 60
11 12 4 82 50 38
16 17 21 12 76 9
86 79 36 67
72 73 25 89 2 10
59 60 58 22 54 82
24 25 56 94 21 30
27 28 58 13 42 99
68 69 28 51 6 99
63 64 38 79 55 1
69 70 36 3 81 78
26 27 33 83 22 6
29 30 45 94 12 50
3 4 51 77 58 12
73 74 37 23 31 47
12 13 12 23 86 47
52 53 43 58 44 80
9 10 32 35 32 5
67 68 10 40 52 98
38 39 49 96 62 94
46 47 49 35 13 93
62 63 42 4 23 88
79 80 45 7 53 62
57 58 30 1 50 25
33 34 9 77 6 11
44 45 1 89 94 91
15 16 51 63 51 36
64 65 0 31 9 91
23 24 48 97 47 97
36 37 35 21 5 39
50 51 14 84 55 43
2 3 11 78 96 14
56 57 22 6 14 57
65 66 47 41 41 64
18 19 24 27 23 20
77 78 45 6 16 98
48 49 18 25 21 98
71 72 18 39 16 27
31 32 45 89 46 75
4 5 36 11 88 31
7 8 57 84 5 54
17 18 33 16 78 99
45 46 42 43 74 68
22 23 33 95 1 90
14 15 46 67 24 74
82 83 7 10 30 29
80 81 1 30 87 36
30 31 12 37 13 55
60 61 52 72 67 1
84 85 23 22 24 11
37 38 17 60 9 11
41 42 43 49 25 64
32 33 18 82 51 95
40 41 34 60 93 38
8 9 19 9 7 19
74 75 10 77 33 100
39 40 8 87 81 91
78 79 55 21 82 22
53 54 1 60 59 23
51 52 17 94 11 97
66 67 0 77 55 52
49 50 0 25 43 19
5 6 26 93 88 70
6 7 52 21 92 80
83 84 40 77 88 68
16 17 4 41 59 12
75 76 47 10 93 18
19 20 51 25 4 53
21 22 49 57 97 55
55 56 9 27 34 36
10 11 31 49 73 29
0 1 20 63 69 90
1 2 42 35 33 96
61 62 31 60 27 31
81 82 29 22 14 31
54 55 19 41 25 5
42 43 50 22 24 9
20 21 34 67 90 91
58 59 39 99 11 78
70 71 37 36 89 23
35 36 12 91 26 33
47 48 7 36 63 13
76 77 50 13 74 1
7 6 1 5
5 6 20 27 77 74
2 3 41 48 62 66
4 5 59 37 24 49
1 2 40 36 38 85
0 1 47 27 71 8
3 4 10 56 55 93
75 57 18 69
73 74 49 48 31 33
17 18 17 60 93 88
13 14 58 41 61 11
26 27 53 43 53 12
53 54 46 55 21 30
54 55 32 7 30 60
22 23 26 91 18 46
10 11 8 79 58 65
2 3 36 52 49 78
9 10 46 62 24 33
37 38 29 82 57 72
44 45 5 65 9 55
25 26 45 58 8 43
58 59 29 88 88 17
70 71 46 7 50 86
16 17 1 14 62 24
55 56 12 78 25 53
72 73 51 85 97 43
63 64 22 88 77 18
19 20 24 55 81 66
39 40 12 3 23 26
50 51 36 51 92 41
59 60 1 95 57 37
68 69 10 2 84 21
47 48 4 44 12 78
61 62 15 34 36 83
27 28 54 65 76 33
66 67 27 36 43 11
24 25 55 68 52 51
35 36 58 43 82 66
15 16 8 1 43 24
31 32 2 12 22 97
20 21 33 99 49 44
46 47 43 72 57 94
32 33 23 9 79 38
57 58 25 25 75 53
1 2 3 21 20 94
23 24 14 13 61 24
0 1 39 91 67 50
69 70 0 16 24 64
43 44 21 77 33 66
5 6 35 34 82 34
36 37 57 82 99 2
67 68 42 48 18 97
14 15 46 92 57 16
56 57 37 85 46 40
7 8 2 79 12 71
41 42 15 40 56 9
30 31 48 23 71 64
6 7 19 16 92 25
51 52 56 33 88 92
18 19 14 14 90 75
11 12 1 22 64 63
21 22 49 75 96 55
45 46 3 53 61 23
71 72 40 67 41 26
38 39 10 12 29 73
54 52 29 39
14 15 23 50 71 53
15 16 40 78 82 29
50 51 37 39 100 40
37 38 23 25 90 86
28 29 53 47 10 57
38 39 57 58 7 43
44 45 30 34 52 31
1 2 11 16 77 53
49 50 10 55 3 8
9 10 53 57 57 50
52 53 26 26 88 17
34 35 16 99 52 22
41 42 13 85 11 14
24 25 23 19 11 52
12 13 4 26 24 72
27 28 53 60 39 63
4 5 47 99 89 88
26 27 50 53 23 3
30 31 26 67 52 70
51 52 12 68 2 34
43 44 47 72 96 82
2 3 55 27 77 0
17 18 7 38 72 87
46 47 18 26 49 64
8 9 28 22 61 42
40 41 32 94 17 55
7 8 37 75 93 77
20 21 38 62 95 9
42 43 51 64 25 87
48 49 26 29 76 78
39 40 45 45 89 72
47 48 1 81 5 77
6 7 26 6 77 53
21 22 5 28 36 10
16 17 51 24 17 53
23 24 40 64 21 25
36 37 1 100 28 2
45 46 22 85 69 46
22 23 18 20 42 9
31 32 51 48 77 16
19 20 47 31 52 11
5 6 55 53 83 77
29 30 37 3 6 18
11 12 44 78 53 7
3 4 53 85 13 53
18 19 59 56 93 75
0 1 37 85 63 79
32 33 38 73 62 28
25 26 51 50 75 27
35 36 47 62 14 10
13 14 18 28 23 56
10 11 19 5 79 84
9 8 2 7
3 4 52 34 27 41
0 1 27 84 79 58
7 8 59 22 11 63
5 6 59 6 66 94
6 7 16 83 93 72
4 5 45 89 86 84
1 2 52 35 83 26
2 3 32 92 60 83
62 44 39 53
12 13 54 8 37 93
22 23 17 70 13 66
60 61 9 68 18 59
0 1 32 45 2 47
37 38 6 73 36 0
51 52 8 63 35 68
40 41 49 85 30 84
7 8 1 4 23 10
3 4 16 82 85 71
55 56 12 94 23 80
38 39 49 14 28 2
42 43 30 40 57 15
32 33 45 19 50 27
31 32 12 8 16 96
17 18 36 95 2 84
52 53 49 3 87 48
5 6 39 49 18 91
33 34 49 93 32 67
23 24 0 68 34 34
58 59 24 23 54 15
13 14 7 46 24 40
10 11 49 5 38 57
1 2 32 73 79 90
29 30 42 76 78 65
4 5 11 57 28 34
44 45 53 23 50 84
14 15 32 60 24 35
54 55 15 52 93 10
56 57 42 97 13 79
49 50 57 100 46 61
18 19 4 15 15 95
20 21 27 84 25 82
24 25 56 41 5 81
30 31 20 65 56 20
43 44 4 38 87 64
21 22 57 69 79 6
47 48 17 2 20 6
28 29 52 3 71 27
9 10 17 81 4 27
35 36 35 63 30 20
45 46 15 94 8 19
57 58 11 45 3 82
36 37 18 33 86 89
50 51 0 8 27 71
86 51 6 56
60 61 23 62 7 12
29 30 15 53 70 30
49 50 21 47 73 69
55 56 35 95 85 90
21 22 28 30 49 45
0 1 56 79 60 9
33 34 13 13 40 98
61 62 55 43 77 62
47 48 12 73 32 48
63 64 15 41 8 47
41 42 49 41 63 78
64 65 0 46 94 46
73 74 53 49 77 27
12 13 2 34 66 51
66 67 29 34 4 65
53 54 20 62 54 94
57 58 47 10 38 66
80 81 9 84 88 30
75 76 26 14 20 73
58 59 6 10 65 35
14 15 8 51 90 1
84 85 33 42 60 70
39 40 40 71 38 45
30 31 55 82 75 47
6 7 5 46 97 5
45 46 55 66 98 52
34 35 53 81 10 36
68 69 59 56 31 33
56 57 42 31 100 44
43 44 22 70 33 54
24 25 29 58 42 90
65 66 7 22 78 12
79 80 45 11 11 39
48 49 51 17 37 22
16 17 48 69 24 71
37 38 22 29 20 51
62 63 23 94 11 55
7 8 56 11 89 31
8 9 32 50 100 71
70 71 36 30 71 83
3 4 23 53 88 29
35 36 48 94 96 53
31 32 1 97 61 72
23 24 37 8 32 68
83 84 19 53 88 13
27 28 16 77 97 13
13 14 58 26 1 22
51 52 16 81 47 29
28 29 2 55 7 24
38 39 10 31 89 11
1 2 47 82 50 58
51 37 21 50
6 7 35 43 66 56
38 39 31 31 73 94
23 24 59 100 96 32
25 26 0 89 49 25
34 35 20 59 71 11
27 28 47 83 94 19
31 32 51 96 26 98
20 21 35 75 85 81
35 36 37 75 89 34
46 47 30 33 69 40
3 4 59 19 32 63
16 17 19 31 5 61
44 45 56 66 10 47
0 1 47 59 92 18
12 13 6 8 99 72
42 43 59 83 64 79
48 49 58 93 70 94
18 19 26 25 67 19
37 38 50 71 55 58
29 30 8 41 23 85
36 37 42 46 77 33
19 20 23 83 1 70
40 41 36 1 4 50
33 34 12 16 38 91
9 10 20 73 1 80
2 3 59 18 17 36
26 27 23 72 52 86
21 22 36 69 50 35
41 42 22 67 88 85
32 33 53 26 16 64
47 48 42 81 13 41
7 8 54 100 1 67
10 11 42 74 27 73
30 31 37 88 32 11
39 40 10 2 44 52
45 46 4 82 21 34
28 29 33 44 2 19
67 64 7 22
53 54 55 23 28 88
9 10 14 41 61 9
4 5 32 67 97 40
50 51 43 64 61 78
28 29 56 24 9 16
59 60 23 41 76 0
40 41 31 57 47 47
61 62 54 12 12 41
6 7 40 48 18 79
10 11 4 86 95 12
36 37 23 2 87 96
25 26 10 3 53 74
58 59 19 44 23 10
20 21 22 16 48 95
21 22 10 76 48 43
2 3 25 45 65 8
24 25 25 55 56 34
8 9 2 98 81 36
12 13 7 78 9 19
18 19 51 84 95 67
35 36 17 79 53 28
44 45 51 84 5 83
60 61 1 44 8 55
49 50 29 16 77 87
48 49 0 58 52 66
3 4 43 91 100 53
51 52 43 69 93 85
45 46 16 24 6 68
17 18 23 40 73 99
11 12 4 97 8 42
29 30 30 12 79 89
37 38 52 89 32 44
39 40 12 51 69 24
52 53 57 41 23 82
56 57 37 98 74 94
46 47 56 70 55 84
54 55 35 99 69 61
47 48 58 44 51 73
63 64 33 59 82 80
38 39 9 38 82 48
15 16 5 94 91 94
62 63 37 72 48 64
41 42 14 64 2 15
31 32 55 89 84 30
26 27 38 29 53 99
32 33 8 28 20 2
43 44 33 71 76 35
0 1 39 14 95 19
64 65 39 44 53 12
14 15 22 44 27 53
23 24 18 100 31 31
42 43 11 30 96 42
30 31 41 28 26 55
5 6 29 11 23 95
33 34 53 97 57 29
19 20 44 55 48 82
22 23 0 83 54 44
7 8 50 13 77 100
57 58 11 77 40 41
1 2 8 100 85 97
65 66 33 96 99 50
55 56 13 82 78 97
34 35 21 74 46 28
13 14 33 100 80 63
30 29 22 29
21 22 44 63 8 53
16 17 23 34 98 56
0 1 12 54 71 43
3 4 59 26 37 16
6 7 36 48 47 12
9 10 10 36 25 18
26 27 49 10 51 51
11 12 16 59 26 82
7 8 24 14 79 96
4 5 15 60 30 94
1 2 24 80 14 31
12 13 20 4 75 78
25 26 58 37 75 38
19 20 36 78 39 77
8 9 53 56 63 33
23 24 10 16 4 83
22 23 53 84 52 53
20 21 43 1 92 59
28 29 29 31 63 62
2 3 33 62 64 32
13 14 30 58 37 80
15 16 17 48 31 44
18 19 25 38 41 57
10 11 20 100 95 47
24 25 32 91 36 44
27 28 56 54 10 86
14 15 40 1 52 71
5 6 36 67 53 22
17 18 4 54 16 35
7 4 3 4
1 2 10 6 74 40
5 6 31 71 82 55
2 3 20 40 65 66
3 4 2 2 67 2
45 41 6 32
14 15 58 31 43 47
6 7 16 12 34 67
13 14 21 92 39 68
29 30 48 62 28 43
32 33 54 51 50 63
7 8 31 73 72 52
23 24 30 71 28 15
25 26 24 40 93 94
36 37 50 9 98 98
35 36 38 86 47 24
12 13 56 31 37 22
3 4 4 51 43 56
38 39 9 77 29 75
34 35 24 31 4 89
11 12 25 73 79 54
4 5 11 21 77 73
19 20 51 54 90 29
42 43 28 44 57 72
17 18 44 78 5 89
10 11 38 57 30 80
18 19 30 30 3 24
0 1 24 64 60 47
37 38 40 41 19 56
5 6 37 74 79 73
24 25 14 28 37 3
16 17 7 66 74 11
1 2 48 63 55 24
33 34 25 18 41 65
43 44 29 75 26 6
9 10 52 83 84 39
30 31 19 98 73 82
15 16 48 10 41 90
39 40 15 76 75 69
28 29 20 65 98 18
26 27 9 80 38 5
22 23 32 76 21 54
8 9 1 95 94 74
41 42 16 24 38 79
21 22 49 73 25 78
31 32 57 78 32 97
2 3 11 99 25 76
74 37 2 49
37 38 57 80 100 62
1 2 29 31 62 42
65 66 15 77 88 77
0 1 25 54 1 94
16 17 38 19 46 75
67 68 2 93 98 23
13 14 12 92 58 3
35 36 39 1 27 48
23 24 44 65 11 49
38 39 32 66 99 49
18 19 21 31 57 19
47 48 24 21 100 27
24 25 20 17 1 33
52 53 39 57 37 92
26 27 46 92 19 27
53 54 2 14 51 9
58 59 35 22 54 81
61 62 4 100 64 90
28 29 42 42 26 16
59 60 54 1 99 24
71 72 14 91 6 74
19 20 28 71 84 2
56 57 13 38 39 83
4 5 35 2 88 2
30 31 15 25 33 57
46 47 15 46 15 14
50 51 31 88 66 92
41 42 9 8 98 29
64 65 39 84 5 69
12 13 4 71 17 9
40 41 13 84 62 8
2 3 35 20 15 100
34 35 59 1 86 98
45 46 49 87 47 99
11 12 44 79 1 94
43 44 4 73 13 46
48 49 50 32 90 2
60 36 4 20
9 10 24 27 60 10
45 46 24 88 15 4
19 20 59 24 89 66
3 4 38 57 11 7
23 24 22 81 40 40
18 19 48 1 80 74
40 41 2 79 1 38
1 2 13 74 18 2
53 54 24 64 88 90
55 56 16 78 46 84
35 36 31 42 11 89
44 45 32 56 39 27
2 3 11 30 67 45
6 7 23 74 61 74
8 9 15 72 46 39
29 30 7 55 11 62
50 51 38 80 18 18
39 40 26 100 46 46
38 39 0 55 55 32
28 29 35 2 89 12
5 6 26 25 23 41
33 34 35 52 77 56
25 26 41 23 2 80
47 48 51 80 100 3
57 58 10 93 14 14
46 47 14 24 50 28
27 28 53 20 22 15
21 22 22 73 32 22
12 13 16 86 8 67
11 12 59 19 21 17
4 5 49 75 14 70
20 21 2 48 54 0
7 8 12 100 42 59
14 15 14 46 46 75
16 17 40 6 27 44
52 53 58 54 77 66
63 34 14 17
55 56 11 83 73 54
32 33 13 28 43 30
12 13 29 82 17 35
33 34 5 70 90 94
38 39 11 82 8 29
26 27 55 17 98 34
6 7 56 36 57 65
41 42 39 90 47 54
10 11 19 51 82 20
35 36 23 5 84 81
34 35 5 77 43 2
44 45 19 20 40 33
8 9 41 16 97 96
37 38 20 79 44 99
56 57 20 70 17 18
3 4 5 50 11 43
54 55 8 94 29 11
21 22 47 35 30 34
17 18 14 75 55 73
7 8 43 48 42 87
5 6 27 76 45 48
40 41 46 74 53 16
49 50 54 53 63 88
53 54 5 97 94 14
51 52 28 40 27 70
18 19 17 48 76 33
25 26 58 95 89 22
16 17 59 11 91 2
2 3 53 76 4 86
30 31 20 85 26 7
42 43 47 27 33 78
47 48 0 57 27 100
29 30 25 34 65 70
46 47 57 54 70 43
85 77 37 43
77 78 38 30 19 51
63 64 42 36 5 30
56 57 2 69 87 53
78 79 53 74 14 88
25 26 10 12 29 6
64 65 1 33 42 67
1 2 43 44 64 95
45 46 57 81 15 86
66 67 54 27 83 50
81 82 45 81 17 23
27 28 2 42 37 71
20 21 38 68 46 39
8 9 48 44 19 22
7 8 10 14 64 8
68 69 17 20 91 97
10 11 14 93 35 17
11 12 34 66 12 76
12 13 16 69 60 68
19 20 34 97 69 59
51 52 51 39 6 79
43 44 7 30 62 11
9 10 56 63 68 5
4 5 34 42 2 99
50 51 13 55 32 19
33 34 3 58 48 83
52 53 14 65 88 38
54 55 51 10 33 14
79 80 26 25 44 35
49 50 36 4 59 3
57 58 28 77 45 8
70 71 56 17 42 99
37 38 8 24 24 69
21 22 44 3 54 8
72 73 45 82 37 12
30 31 28 50 54 32
80 81 49 59 13 10
14 15 44 6 82 79
13 14 30 69 29 67
22 23 59 97 56 13
35 36 43 35 41 84
36 37 20 78 22 10
67 68 47 77 68 78
53 54 38 12 19 63
48 49 20 53 67 35
26 27 28 23 63 78
55 56 14 32 93 89
60 61 3 85 63 41
18 19 35 51 78 24
82 83 48 8 50 16
75 76 42 50 37 53
47 48 57 88 32 95
40 41 22 87 51 7
83 84 23 40 12 35
46 47 59 70 19 75
15 16 20 88 91 15
17 18 40 69 37 64
41 42 17 63 37 13
71 72 33 35 31 57
38 39 10 32 53 4
62 63 28 67 46 98
6 7 43 18 75 10
23 24 0 33 96 33
69 70 3 11 27 58
24 25 15 33 86 22
32 33 21 50 41 16
76 77 58 9 53 58
39 40 8 51 7 57
65 66 50 11 63 23
16 17 8 30 23 30
42 43 42 27 47 40
3 4 15 1 37 46
73 74 30 38 23 61
29 30 5 83 53 75
59 60 11 83 39 4
34 35 10 26 48 3
61 62 33 63 4 56
0 1 5 32 81 2
78 64 54 77
71 72 41 34 93 49
6 7 50 53 32 45
17 18 38 80 38 51
54 55 10 34 29 54
61 62 12 59 56 56
67 68 55 39 20 78
33 34 17 62 34 87
37 38 7 93 16 15
48 49 18 25 34 80
55 56 27 48 31 14
27 28 14 6 85 3
44 45 0 16 73 49
15 16 10 8 100 19
75 76 2 73 86 28
59 60 34 84 79 47
32 33 20 98 98 45
24 25 0 86 35 12
66 67 25 93 62 79
72 73 28 71 81 22
16 17 40 8 8 19
18 19 1 100 18 20
62 63 38 43 82 7
25 26 25 21 75 84
19 20 51 25 100 32
0 1 1 37 58 61
34 35 43 54 26 59
31 32 38 11 68 3
35 36 13 59 84 68
30 31 33 44 54 61
50 51 17 93 97 63
41 42 36 94 72 51
8 9 51 32 71 38
57 58 57 88 74 61
22 23 5 36 61 61
36 37 25 82 67 92
58 59 11 83 63 81
52 53 44 88 57 98
29 30 0 46 57 87
38 39 14 83 55 20
49 50 29 41 20 18
1 2 36 88 6 94
14 15 57 14 73 66
60 61 45 87 95 51
28 29 39 46 26 55
39 40 7 57 70 88
11 12 52 74 30 50
26 27 20 26 28 81
73 74 20 26 81 26
2 3 11 60 32 55
69 70 36 14 22 8
23 24 54 99 98 38
13 14 57 80 37 78
45 46 39 37 47 55
40 41 30 3 98 45
63 64 30 95 73 3
9 10 3 60 57 96
74 75 23 79 28 14
3 4 23 20 33 51
42 43 7 75 68 6
51 52 53 39 52 60
21 22 57 60 94 88
12 13 4 60 18 81
46 47 26 73 40 50
70 71 52 82 23 66
57 43 30 44
48 49 0 9 93 84
51 52 27 88 5 42
0 1 15 69 47 84
18 19 9 11 5 87
53 54 53 72 92 100
47 48 3 11 52 91
32 33 1 71 40 23
38 39 42 35 55 92
16 17 31 10 77 57
37 38 21 37 8 97
12 13 25 93 42 73
4 5 7 47 95 48
7 8 11 6 49 50
9 10 9 51 87 81
27 28 59 97 18 27
46 47 38 78 72 71
29 30 41 85 48 24
39 40 43 2 50 53
21 22 0 2 38 26
41 42 55 19 37 95
54 55 22 52 18 21
19 20 55 44 43 45
26 27 48 87 33 8
3 4 48 26 20 43
30 31 31 67 49 23
40 41 29 99 4 17
31 32 50 31 96 93
25 26 33 45 97 72
34 35 22 41 25 73
23 24 37 75 65 18
14 15 11 98 24 97
44 45 57 26 3 15
33 34 28 19 29 43
36 37 1 75 72 30
52 53 53 62 27 63
28 29 32 86 13 52
2 3 47 8 46 13
43 44 37 46 75 74
45 46 17 18 90 0
17 18 4 8 72 18
8 9 32 87 65 17
13 14 49 24 74 77
42 43 16 8 20 48
16 9 0 9
6 7 45 94 99 19
11 12 57 20 86 36
0 1 21 73 11 54
5 6 30 65 89 31
8 9 23 5 96 8
13 14 43 65 9 0
12 13 10 90 21 16
2 3 59 31 90 84
4 5 48 72 81 24
79 75 55 59
7 8 8 1 17 23
4 5 10 57 13 11
2 3 10 81 1 3
52 53 16 30 23 73
28 29 31 85 90 69
23 24 47 61 80 36
39 40 49 61 26 85
1 2 35 14 77 37
44 45 3 82 40 82
14 15 54 43 34 7
8 9 43 45 66 71
61 62 31 6 45 22
26 27 35 77 100 57
71 72 46 65 69 63
31 32 34 62 67 61
21 22 17 67 94 14
48 49 10 18 5 79
11 12 26 80 90 14
64 65 16 76 74 69
22 23 2 93 24 64
53 54 40 58 92 38
19 20 27 19 58 96
3 4 57 10 40 64
46 47 9 25 88 95
38 39 50 59 84 66
65 66 26 73 12 62
75 76 12 10 12 93
42 43 59 9 90 55
10 11 19 42 94 9
67 68 33 57 11 16
9 10 18 26 58 71
66 67 41 88 24 4
20 21 1 76 33 58
69 70 36 24 91 49
34 35 13 72 56 83
33 34 41 54 100 38
57 58 29 18 99 65
29 30 52 35 13 97
30 31 39 47 1 37
24 25 27 86 22 38
32 33 1 16 61 2
5 6 45 84 68 29
68 69 15 36 89 47
36 37 6 83 61 69
62 63 0 17 27 34
74 75 35 40 76 30
54 55 4 11 29 92
55 56 19 64 7 30
13 14 39 90 62 1
25 26 20 37 16 63
63 64 31 95 19 50
15 16 32 2 61 36
60 61 17 32 99 70
18 19 25 80 9 100
6 7 37 1 13 39
17 18 7 71 38 4
40 41 4 3 61 54
51 52 32 72 23 31
41 42 13 100 94 47
72 73 29 72 80 34
56 57 14 92 51 63
47 48 33 58 73 9
59 60 26 92 38 35
35 36 50 36 36 13
12 13 39 2 18 80
76 77 21 12 28 48
58 59 50 68 51 1
0 1 34 17 46 8
45 46 5 76 72 82
77 78 8 25 35 83
37 38 7 17 50 58
43 44 23 44 81 43
50 51 31 46 33 95
73 74 2 88 13 52
16 17 51 27 51 57
56 49 27 44
44 45 2 82 75 10
50 51 46 91 42 18
29 30 56 17 6 7
45 46 9 69 48 32
21 22 56 59 95 90
41 42 27 49 85 56
40 41 35 38 76 100
23 24 51 3 5 35
5 6 30 9 30 35
47 48 4 64 49 43
13 14 8 38 33 35
14 15 26 72 30 51
46 47 23 98 1 67
8 9 12 96 14 2
9 10 41 25 15 80
15 16 37 20 60 3
10 11 39 8 43 31
26 27 3 46 22 96
20 21 30 66 51 5
35 36 24 12 38 91
30 31 47 8 72 75
24 25 27 25 8 91
52 53 44 28 3 45
16 17 58 76 86 95
53 54 9 12 82 20
37 38 36 73 18 28
3 4 1 38 84 85
18 19 3 58 67 43
0 1 2 68 57 23
25 26 28 22 58 90
7 8 4 59 54 77
54 55 11 19 44 9
43 44 49 45 65 15
48 49 48 8 86 6
36 37 35 13 47 9
11 12 26 38 20 50
12 13 11 34 46 76
42 43 9 30 53 21
4 5 5 2 42 5
1 2 13 60 95 70
22 23 57 22 85 78
27 28 26 14 83 0
51 52 13 31 38 5
31 32 26 6 27 84
34 35 21 56 75 60
38 39 18 30 81 59
2 3 31 100 76 74
33 34 13 93 62 23
17 18 3 83 86 52
11 10 3 8
4 5 11 99 51 95
2 3 56 11 55 89
1 2 43 55 6 63
5 6 35 84 24 31
9 10 34 73 12 29
0 1 28 90 12 38
6 7 26 27 54 11
7 8 16 1 47 100
8 9 13 59 2 71
3 4 28 77 99 23
83 81 25 80
9 10 46 6 63 1
50 51 12 39 79 7
29 30 16 13 19 75
26 27 5 68 89 22
74 75 14 78 23 99
55 56 52 28 34 90
43 44 31 72 62 74
38 39 13 31 12 21
70 71 23 3 3 75
61 62 41 33 50 47
28 29 18 66 42 15
54 55 31 65 77 36
42 43 18 71 20 69
4 5 26 93 43 52
35 36 34 24 70 100
51 52 18 45 36 62
39 40 57 71 78 81
65 66 2 35 87 25
56 57 1 58 98 99
34 35 19 100 70 16
68 69 52 95 35 43
76 77 13 29 92 26
15 16 57 61 43 14
75 76 37 54 52 20
27 28 0 36 5 27
5 6 51 93 95 11
14 15 32 78 16 88
71 72 24 83 57 78
19 20 46 51 44 58
53 54 47 12 43 12
24 25 35 41 66 25
3 4 36 28 16 68
33 34 55 88 61 96
0 1 17 29 33 76
46 47 55 45 12 45
49 50 41 100 14 0
80 81 30 75 68 10
22 23 59 84 22 20
77 78 13 55 74 51
12 13 18 44 8 52
57 58 10 7 17 8
31 32 41 85 71 74
40 41 39 29 18 41
17 18 47 27 69 22
78 79 53 45 64 2
30 31 27 16 62 30
62 63 39 84 71 81
47 48 12 58 90 72
44 45 36 68 63 81
52 53 11 87 8 15
23 24 0 91 47 10
20 21 15 46 59 64
10 11 16 71 76 3
81 82 23 80 52 25
60 61 21 91 55 9
21 22 16 81 1 22
58 59 53 82 97 30
37 38 5 26 62 22
11 12 35 82 87 58
7 8 47 69 100 57
66 67 45 94 5 70
69 70 50 67 70 20
18 19 40 15 40 14
73 74 31 96 59 49
25 26 34 59 44 42
59 60 29 81 48 6
72 73 26 20 66 1
36 37 45 42 36 27
79 80 14 89 32 39
67 68 28 58 91 12
2 3 55 34 73 30
63 64 14 39 75 22
45 46 42 98 81 79
64 65 5 32 100 62
48 49 24 69 100 80
41 42 26 10 94 54
32 33 19 7 36 67
8 9 59 85 19 89
13 14 59 8 23 40
16 17 8 98 61 12
1 2 25 95 75 36
70 68 36 46
44 45 51 17 1 13
27 28 20 25 11 49
58 59 48 26 74 8
29 30 0 48 67 9
19 20 9 63 53 3
23 24 42 28 15 45
59 60 13 35 98 58
46 47 5 41 40 43
6 7 19 46 27 15
15 16 35 60 98 16
21 22 6 61 35 89
47 48 48 40 42 96
12 13 42 11 7 12
57 58 16 51 14 90
5 6 43 42 58 3
68 69 32 49 35 74
28 29 38 35 17 71
41 42 50 93 64 32
45 46 44 29 38 76
56 57 2 47 42 82
17 18 44 76 98 33
67 68 51 10 53 98
50 51 24 41 63 29
18 19 56 83 18 39
55 56 39 61 96 21
52 53 29 97 32 67
8 9 55 77 36 25
13 14 40 4 72 63
9 10 19 51 99 49
24 25 16 12 36 51
39 40 54 1 52 35
62 63 30 43 61 46
60 61 1 9 96 83
54 55 59 39 4 66
61 62 37 41 84 64
3 4 14 40 28 80
20 21 47 84 3 71
10 11 30 29 46 26
35 36 42 42 29 81
22 23 7 65 100 82
30 31 51 24 71 44
2 3 15 99 3 38
1 2 23 1 89 17
48 49 35 22 9 71
32 33 13 2 78 8
34 35 23 38 60 45
42 43 25 21 52 69
49 50 8 43 14 33
25 26 42 99 49 41
64 65 39 29 65 77
7 8 8 29 80 22
31 32 46 3 40 71
51 52 41 21 50 24
0 1 15 71 60 79
38 39 26 79 37 49
11 12 19 27 86 13
26 27 41 33 64 92
16 17 5 26 41 93
66 67 29 46 75 49
36 37 20 46 88 36
33 34 36 35 19 78
65 66 21 21 39 44
63 64 53 16 69 18
53 54 35 56 26 61
4 5 55 95 26 40
43 44 53 44 47 8
40 41 29 49 79 15
37 38 32 62 12 55
17 11 3 8
2 3 24 68 83 96
14 15 31 24 80 97
12 13 55 67 59 73
13 14 14 100 48 6
9 10 47 97 53 16
11 12 7 68 29 15
10 11 59 62 45 9
5 6 54 91 40 97
8 9 26 37 66 45
0 1 9 67 62 40
4 5 22 28 24 93
18 11 9 10
0 1 22 14 98 83
8 9 21 16 23 1
2 3 47 92 87 70
12 13 5 83 68 64
3 4 43 24 13 21
5 6 41 53 5 95
16 17 30 46 36 44
6 7 9 68 56 82
10 11 46 10 17 40
4 5 20 87 92 72
11 12 36 21 73 43
57 49 6 9
36 37 59 42 41 67
53 54 31 53 5 31
2 3 30 4 38 66
45 46 19 83 48 35
49 50 56 75 16 40
44 45 2 85 84 0
14 15 40 17 21 71
27 28 9 57 12 0
25 26 44 56 15 23
43 44 47 59 58 26
16 17 10 16 3 53
28 29 49 71 63 30
20 21 48 3 49 78
47 48 35 89 27 73
42 43 21 81 49 25
48 49 27 49 18 36
50 51 26 31 6 78
39 40 32 29 1 70
29 30 6 70 94 22
11 12 34 41 35 77
10 11 12 71 33 58
40 41 1 10 66 42
9 10 40 90 92 82
22 23 32 68 36 57
33 34 27 97 7 16
34 35 13 1 69 78
6 7 44 61 90 10
21 22 59 43 16 51
38 39 23 36 79 12
55 56 17 80 14 71
30 31 45 18 96 87
32 33 40 90 99 69
17 18 20 73 37 90
51 52 22 21 51 72
37 38 26 33 88 85
18 19 40 70 15 52
46 47 34 37 92 1
12 13 48 12 57 17
26 27 55 75 87 4
35 36 31 52 27 30
5 6 49 6 91 94
4 5 27 41 2 80
24 25 9 4 69 39
1 2 32 64 56 41
13 14 29 3 63 88
19 20 53 57 54 35
23 24 16 46 44 31
15 16 51 89 54 2
31 32 53 9 4 66
31 26 16 30
14 15 39 86 69 53
20 21 18 41 38 9
26 27 32 50 97 29
19 20 10 64 70 0
5 6 37 78 18 62
21 22 7 17 51 23
0 1 54 85 6 37
11 12 6 34 87 10
9 10 4 87 44 27
16 17 5 45 97 52
24 25 23 78 33 18
23 24 22 44 93 79
8 9 23 55 36 95
29 30 37 32 51 12
12 13 54 16 97 96
15 16 8 35 38 6
2 3 2 71 72 21
18 19 51 50 24 67
25 26 55 20 71 14
13 14 48 75 90 75
28 29 38 75 75 50
6 7 15 94 28 4
22 23 41 66 61 19
7 8 29 50 75 79
4 5 0 65 41 93
17 18 54 64 9 4
4 3 0 1
2 3 29 38 12 73
0 1 12 97 42 36
1 2 59 78 6 49
98 44 8 88
72 73 18 13 37 76
86 87 3 45 16 78
92 93 59 30 26 42
48 49 38 1 78 99
76 77 28 12 42 13
54 55 1 66 43 57
61 62 41 3 19 75
52 53 52 48 79 87
69 70 51 91 66 45
25 26 17 92 59 50
3 4 10 9 27 39
17 18 4 15 63 58
10 11 36 42 88 98
83 84 55 29 65 14
96 97 56 89 33 85
14 15 17 88 35 5
68 69 48 79 74 26
5 6 24 97 82 62
13 14 42 98 93 81
8 9 56 14 91 94
18 19 32 66 62 38
75 76 26 62 26 63
82 83 55 99 28 50
34 35 27 90 9 92
20 21 3 51 16 74
15 16 28 67 8 11
84 85 27 4 28 46
7 8 56 91 9 50
70 71 39 98 23 35
30 31 19 34 21 65
32 33 30 56 40 56
71 72 57 39 50 11
79 80 21 36 3 9
9 10 52 31 40 74
80 81 55 74 53 73
85 86 48 9 2 69
33 34 55 3 36 82
41 42 41 88 82 63
60 61 36 57 94 72
50 51 25 61 87 36
44 45 50 77 81 12
49 50 25 54 82 57
21 22 2 42 94 19
55 56 6 78 11 58
85 83 27 28
24 25 49 75 95 87
55 56 5 98 4 80
77 78 15 72 27 98
79 80 30 79 58 22
37 38 30 77 15 91
50 51 6 90 45 7
19 20 11 29 65 71
18 19 57 30 14 88
0 1 3 25 50 12
51 52 19 54 100 2
30 31 17 36 99 71
20 21 48 39 38 81
52 53 0 32 38 88
59 60 38 7 15 38
33 34 1 16 44 92
28 29 50 93 85 34
35 36 21 55 63 43
45 46 7 4 5 88
47 48 53 1 53 26
71 72 41 57 63 90
17 18 6 77 78 64
44 45 20 54 26 70
63 64 44 97 19 11
15 16 30 46 18 89
14 15 37 29 79 20
32 33 36 3 8 40
42 43 45 16 81 76
9 10 29 82 22 15
74 75 47 63 72 1
48 49 51 89 29 7
7 8 29 3 1 65
5 6 23 94 25 38
72 73 5 74 91 79
46 47 34 98 94 93
2 3 9 87 46 8
54 55 45 88 5 67
81 82 29 55 21 70
13 14 59 69 37 64
73 74 49 91 97 92
38 39 13 80 20 36
39 40 39 61 84 41
58 59 29 89 12 35
6 7 28 99 46 21
26 27 42 35 1 66
82 83 23 67 94 90
83 84 16 76 94 70
31 32 11 67 85 17
22 23 51 68 86 47
76 77 51 52 18 87
70 71 14 89 43 75
23 24 34 60 63 88
3 4 53 82 16 16
29 30 28 37 14 92
43 44 6 62 13 25
11 12 28 63 26 74
61 62 51 88 85 56
53 54 51 54 36 12
4 5 3 86 38 73
21 22 11 89 81 11
57 58 29 94 38 27
62 63 21 33 15 65
69 70 25 62 39 76
64 65 5 26 66 96
1 2 27 27 71 88
75 76 55 74 53 64
16 17 27 6 51 80
40 41 0 66 52 96
27 28 8 8 28 78
78 79 58 40 43 72
66 67 45 76 94 23
34 35 9 11 8 49
60 61 57 11 22 36
36 37 5 38 12 52
25 26 18 10 44 67
67 68 41 69 6 17
41 42 16 34 78 9
12 13 48 36 36 41
8 9 31 35 30 97
68 69 59 75 49 72
65 66 6 23 67 39
56 57 9 46 1 3
80 81 6 75 4 50
10 11 38 52 72 31
95 74 10 71
67 68 33 86 58 84
79 80 49 83 32 61
68 69 38 16 52 2
7 8 36 52 5 98
87 88 52 29 47 54
51 52 23 9 98 73
82 83 57 79 33 88
35 36 37 27 19 31
10 11 41 96 22 100
61 62 44 75 63 4
63 64 43 48 100 70
24 25 44 23 95 11
47 48 38 45 34 93
88 89 44 83 54 69
46 47 59 6 47 33
64 65 57 88 38 29
43 44 22 71 43 2
91 92 55 77 83 83
26 27 10 18 77 11
55 56 20 59 19 64
14 15 28 73 94 7
60 61 52 66 90 47
76 77 39 72 77 4
33 34 24 57 44 52
2 3 31 21 20 70
72 73 9 79 35 56
23 24 55 12 28 2
27 28 16 82 24 49
49 50 4 79 72 7
45 46 49 76 95 34
41 42 3 97 100 66
5 6 33 20 92 78
70 71 15 2 21 42
66 67 21 63 45 74
48 49 40 31 54 56
38 39 43 28 11 96
81 82 31 22 15 4
54 55 39 58 92 2
62 63 31 24 43 67
32 33 17 14 41 0
40 41 36 29 72 70
0 1 55 97 90 46
85 86 49 89 91 98
86 87 24 26 8 45
57 58 17 18 70 89
20 21 13 96 54 82
17 18 49 17 4 63
11 12 54 2 89 77
3 4 38 58 94 46
52 53 26 39 50 15
4 5 19 71 100 35
78 79 29 56 59 82
30 31 17 66 74 67
21 22 55 33 43 30
15 16 53 29 55 56
74 75 32 10 11 57
9 10 55 36 41 89
44 45 18 9 66 78
89 90 8 81 7 44
25 26 48 13 6 94
29 30 7 68 25 84
93 94 37 40 16 44
12 13 48 20 1 46
56 57 31 57 83 24
71 72 46 43 41 5
8 9 35 13 81 74
83 84 45 47 81 85
34 35 5 24 81 20
22 23 14 10 100 91
13 14 27 23 32 98
92 93 40 20 23 9
90 91 2 21 20 61
31 32 36 57 50 82
42 43 42 80 90 88
67 40 4 49
41 42 43 44 45 32
10 11 43 56 60 65
31 32 45 88 78 59
55 56 4 5 79 29
64 65 43 69 54 19
47 48 39 32 13 82
4 5 9 1 69 75
7 8 58 48 16 45
63 64 22 88 88 94
21 22 46 29 62 20
12 13 6 97 54 50
45 46 50 58 37 29
19 20 42 45 26 19
20 21 58 92 26 68
27 28 59 31 43 66
39 40 22 3 70 16
14 15 37 50 99 46
25 26 13 95 31 11
42 43 50 80 92 17
17 18 47 93 32 19
33 34 13 95 43 91
16 17 41 95 22 14
50 51 53 19 96 32
13 14 11 99 4 18
57 58 17 87 19 45
28 29 27 70 38 18
9 10 23 28 56 95
22 23 59 17 80 93
65 66 59 42 28 28
24 25 44 79 98 28
15 16 11 6 64 58
44 45 13 83 54 62
32 33 53 85 54 9
38 39 36 61 3 77
58 59 9 60 83 88
2 3 20 39 66 57
37 38 56 44 49 88
30 31 19 59 54 44
3 4 38 79 71 49
49 50 7 100 99 7
16 11 4 14
8 9 44 32 22 10
3 4 19 46 96 70
2 3 9 49 97 7
7 8 44 10 80 44
14 15 30 85 23 24
5 6 26 42 21 89
0 1 3 69 7 46
11 12 8 71 68 47
9 10 56 5 34 27
12 13 44 80 13 91
4 5 13 24 37 3
10 5 5 6
6 7 24 28 18 55
3 4 55 2 21 36
1 2 4 98 47 74
7 8 14 70 62 56
4 5 41 50 80 95
33 32 10 15
19 20 55 53 49 6
10 11 32 62 90 92
11 12 21 86 25 44
2 3 33 12 46 66
28 29 22 1 1 31
8 9 59 95 2 59
14 15 55 38 54 14
4 5 37 98 52 90
1 2 9 46 95 65
22 23 47 25 56 34
9 10 57 61 88 100
21 22 44 49 27 44
3 4 39 24 68 51
26 27 50 71 61 26
12 13 11 91 98 21
15 16 19 63 50 82
18 19 15 93 35 53
27 28 14 72 44 88
24 25 56 35 63 0
20 21 42 47 67 14
5 6 0 90 100 38
23 24 20 26 93 35
17 18 5 35 41 69
31 32 49 84 41 27
7 8 21 80 15 35
6 7 57 41 21 0
0 1 53 39 17 50
13 14 14 44 87 73
29 30 29 4 37 92
16 17 45 37 29 24
30 31 39 30 12 5
25 26 15 73 100 22
47 25 15 37
9 10 20 4 27 93
32 33 24 20 37 21
20 21 15 97 97 7
34 35 43 77 55 88
0 1 24 3 49 45
28 29 59 82 27 7
21 22 43 22 17 85
6 7 56 16 63 86
44 45 3 79 24 21
35 36 45 7 23 20
39 40 58 61 15 7
26 27 16 86 53 94
23 24 4 88 92 47
33 34 22 76 96 75
12 13 0 74 1 38
31 32 3 36 92 11
38 39 45 37 62 54
2 3 42 3 56 23
36 37 15 41 85 25
10 11 30 5 58 24
40 41 23 29 33 34
30 31 48 21 81 22
37 38 26 79 3 71
1 2 28 69 50 49
7 8 35 2 90 74
65 51 8 21
21 22 47 70 49 56
36 37 58 49 5 83
14 15 48 19 56 1
45 46 4 29 42 77
60 61 30 87 59 59
16 17 43 22 75 88
2 3 1 54 76 27
49 50 57 97 10 17
35 36 14 47 75 22
55 56 30 64 61 86
6 7 31 59 88 93
25 26 22 80 59 31
56 57 43 63 19 37
34 35 11 21 39 57
53 54 58 41 72 97
50 51 30 67 18 73
46 47 29 38 2 82
8 9 0 59 8 7
29 30 33 61 80 33
13 14 51 7 15 17
24 25 55 28 54 59
28 29 36 25 87 22
42 43 42 38 3 49
27 28 53 89 31 31
3 4 47 1 98 26
0 1 16 87 64 67
1 2 57 47 71 85
39 40 28 50 94 3
5 6 17 11 16 82
7 8 21 36 94 71
61 62 27 4 39 11
54 55 12 83 86 5
59 60 35 7 35 75
31 32 17 97 50 98
12 13 50 62 27 63
17 18 37 43 7 70
10 11 28 23 9 90
30 31 36 32 70 37
23 24 17 85 62 85
20 21 30 23 13 5
47 48 8 2 89 44
40 41 50 91 75 57
19 20 50 45 42 69
37 38 23 71 19 99
11 12 46 55 15 35
52 53 50 22 47 44
51 52 45 3 73 79
4 5 37 12 7 25
32 33 4 98 51 3
38 39 29 99 1 22
15 16 17 2 40 37
40 29 9 39
19 20 44 93 47 81
7 8 13 37 75 16
5 6 17 76 45 45
11 12 37 25 59 32
28 29 50 18 26 73
27 28 14 60 78 71
8 9 53 44 71 40
29 30 28 59 85 72
30 31 30 14 35 4
23 24 12 70 60 86
20 21 24 29 80 39
35 36 49 88 68 85
16 17 36 32 4 4
6 7 24 22 28 89
13 14 33 76 83 61
1 2 28 85 48 98
22 23 13 46 51 3
26 27 46 53 12 77
18 19 27 76 85 57
21 22 4 78 70 47
0 1 37 86 68 12
32 33 44 76 32 93
14 15 42 93 2 2
3 4 59 2 86 10
15 16 58 60 11 33
33 34 18 35 37 97
9 10 0 25 50 33
17 18 40 19 76 53
34 35 1 33 61 83
92 74 2 48
23 24 8 71 71 72
90 91 55 15 11 35
41 42 18 44 14 72
60 61 25 30 81 10
75 76 32 5 11 14
34 35 14 25 14 38
84 85 3 97 48 16
58 59 42 26 72 79
77 78 21 5 32 5
67 68 21 93 59 65
89 90 6 61 61 33
62 63 58 100 43 96
39 40 7 92 28 21
21 22 3 83 16 93
43 44 15 73 27 75
72 73 45 50 42 94
0 1 55 26 70 27
7 8 40 49 58 73
56 57 51 90 18 26
10 11 27 55 85 84
70 71 26 87 73 80
88 89 5 68 45 77
66 67 59 95 9 6
87 88 49 76 36 13
63 64 30 41 68 11
25 26 25 54 53 18
53 54 40 69 75 66
2 3 29 6 67 55
74 75 41 50 94 95
31 32 36 85 100 46
13 14 20 89 51 72
26 27 32 13 31 39
16 17 36 82 18 85
51 52 28 35 31 53
80 81 14 75 77 87
36 37 1 96 48 3
27 28 11 62 70 47
28 29 29 25 86 11
49 50 15 35 44 21
8 9 48 26 63 20
71 72 59 13 49 91
81 82 25 94 65 5
76 77 28 86 25 77
11 12 18 67 24 23
64 65 27 91 38 54
32 33 38 85 52 42
20 21 36 96 56 89
22 23 56 12 69 39
48 49 25 9 98 33
12 13 0 34 99 73
83 84 33 51 66 10
55 56 19 14 26 76
19 20 30 57 57 33
61 62 4 55 16 62
6 7 31 44 69 23
68 69 33 2 66 66
65 66 41 20 8 33
18 19 52 58 43 100
59 60 37 99 41 72
33 34 45 30 92 83
50 51 13 38 43 98
47 48 17 74 19 11
5 6 28 99 96 57
9 10 55 53 48 66
40 41 53 9 90 25
38 39 41 69 22 0
85 86 13 50 28 82
44 45 5 39 16 96
30 31 50 86 35 5
86 87 4 80 78 6
52 53 5 16 81 32
79 80 43 99 18 65
24 25 23 65 47 100
29 30 24 80 51 21
18 11 5 13
9 10 32 15 69 27
1 2 29 8 23 30
5 6 28 64 60 90
8 9 23 13 33 44
11 12 13 51 50 73
4 5 11 58 27 88
7 8 53 42 89 7
2 3 40 90 24 3
12 13 0 93 86 19
13 14 40 61 5 93
15 16 36 49 18 85
57 48 7 30
43 44 56 19 93 74
51 52 26 51 70 85
18 19 54 86 11 75
41 42 27 43 17 44
42 43 38 75 89 53
28 29 0 77 3 70
4 5 0 11 28 7
24 25 29 11 3 32
30 31 58 41 33 82
0 1 2 73 57 75
31 32 10 40 27 54
20 21 47 93 34 28
47 48 40 28 12 46
39 40 5 96 49 49
1 2 18 21 56 68
29 30 51 88 95 48
35 36 47 89 49 54
8 9 37 52 6 19
5 6 47 90 95 65
19 20 11 22 90 46
53 54 25 14 57 22
12 13 14 69 16 68
21 22 47 49 68 92
33 34 47 48 37 71
2 3 50 57 40 58
13 14 35 16 79 89
36 37 42 13 91 18
48 49 48 95 66 65
10 11 36 37 90 6
25 26 31 69 58 65
54 55 17 7 73 12
15 16 59 39 39 73
9 10 33 86 60 1
17 18 16 51 78 94
32 33 41 46 44 6
26 27 18 72 10 18
27 28 21 34 42 47
34 35 26 85 100 54
46 47 45 33 94 70
11 12 53 50 60 20
55 56 40 5 29 77
38 39 53 64 26 25
16 17 58 1 74 96
45 46 22 90 28 48
7 8 17 68 1 4
6 7 43 49 63 0
52 53 28 85 86 41
49 50 53 90 6 1
36 32 0 27
6 7 39 52 76 95
13 14 7 83 51 22
28 29 11 85 51 62
16 17 31 92 79 36
24 25 7 97 32 99
11 12 20 95 10 90
3 4 57 24 49 1
17 18 41 40 81 31
23 24 58 6 74 30
33 34 11 14 24 44
19 20 17 12 76 70
7 8 38 67 32 91
15 16 37 81 26 3
25 26 1 5 32 2
10 11 20 96 57 81
31 32 52 6 75 100
21 22 6 88 23 86
14 15 35 39 21 93
2 3 53 54 24 43
30 31 27 40 76 70
32 33 59 81 28 82
1 2 26 15 47 6
4 5 31 93 4 87
5 6 35 76 88 34
34 35 28 50 40 38
12 13 59 27 47 85
9 10 2 50 11 16
8 9 46 50 64 48
29 30 50 6 16 14
20 21 46 41 48 35
26 27 17 79 48 25
18 19 0 27 3 99
76 47 4 16
41 42 45 59 90 44
64 65 52 36 12 73
71 72 23 69 68 53
0 1 39 41 42 77
25 26 32 55 16 29
20 21 35 9 10 26
32 33 37 43 37 90
36 37 13 63 41 0
34 35 13 31 6 31
11 12 46 46 88 14
68 69 43 80 71 39
52 53 57 99 47 12
9 10 15 53 34 2
29 30 25 6 8 62
47 48 25 97 15 55
18 19 54 65 77 88
55 56 25 13 34 14
57 58 47 77 42 98
67 68 46 64 56 23
37 38 6 87 43 96
17 18 15 79 59 38
15 16 22 67 76 28
45 46 18 78 56 37
24 25 40 84 59 89
12 13 52 89 91 49
58 59 24 59 33 53
70 71 37 25 62 13
66 67 50 77 69 95
39 40 47 16 62 31
1 2 8 49 53 42
72 73 37 60 49 83
33 34 54 50 22 92
48 49 0 50 23 2
44 45 24 29 14 28
21 22 23 1 45 46
61 62 36 24 29 91
69 70 0 32 1 3
4 5 29 80 95 59
35 36 14 16 26 58
8 9 22 21 39 76
56 57 36 60 26 23
30 31 4 48 97 99
6 7 12 57 94 28
7 8 23 63 88 66
51 52 31 65 87 10
10 11 44 24 24 81
73 74 3 31 6 36
77 47 6 68
7 8 7 96 50 86
42 43 37 14 92 76
44 45 34 36 76 68
8 9 5 12 49 67
73 74 29 13 40 46
24 25 5 35 73 88
6 7 44 24 32 80
55 56 10 45 69 5
50 51 51 2 23 59
12 13 52 35 68 93
33 34 54 67 94 11
47 48 56 72 16 16
57 58 59 27 20 12
66 67 19 87 77 83
21 22 36 17 42 7
39 40 53 14 30 34
71 72 20 51 15 46
13 14 58 33 37 22
35 36 36 71 63 91
4 5 21 19 67 14
63 64 46 73 63 16
38 39 59 75 99 68
65 66 22 36 98 9
36 37 23 2 34 18
0 1 3 25 80 9
18 19 52 8 53 43
72 73 53 72 8 89
53 54 57 87 52 2
51 52 29 90 21 26
58 59 22 63 81 77
20 21 24 33 27 98
16 17 59 81 18 13
40 41 35 78 37 52
67 68 44 32 34 39
45 46 2 19 96 33
54 55 19 23 86 36
46 47 52 96 28 56
69 70 51 30 91 57
19 20 31 4 8 37
43 44 6 39 83 95
29 30 31 68 92 53
2 3 29 15 74 99
30 31 14 98 16 36
14 15 38 35 42 93
48 49 12 88 10 35
60 61 29 75 49 77
1 2 52 18 74 66
97 25 77 87
54 55 15 42 77 34
91 92 54 84 99 72
40 41 31 79 14 78
93 94 17 68 87 99
9 10 21 5 46 52
65 66 41 76 33 96
69 70 31 82 40 17
77 78 17 8 33 12
85 86 58 25 34 87
0 1 14 20 86 48
52 53 5 83 7 19
57 58 47 72 64 1
66 67 8 8 90 91
68 69 41 70 9 84
12 13 48 48 97 62
83 84 7 7 31 86
78 79 21 47 90 83
34 35 4 22 4 85
17 18 25 81 42 13
81 82 54 98 24 76
76 77 25 44 45 5
33 34 5 20 1 49
27 28 21 26 7 15
37 38 14 25 79 58
63 64 0 66 24 2
12 11 0 3
3 4 6 64 50 2
0 1 36 89 83 12
10 11 42 26 31 20
7 8 1 42 20 78
9 10 38 4 83 24
1 2 32 30 61 61
6 7 31 53 7 63
8 9 51 20 81 81
2 3 31 92 25 49
5 6 18 79 88 70
4 5 22 37 81 10
44 37 26 33
23 24 41 87 21 11
41 42 30 55 20 94
40 41 14 1 90 59
19 20 44 44 15 59
42 43 32 33 48 80
39 40 31 45 38 14
5 6 42 76 95 92
11 12 28 98 33 56
33 34 0 49 50 60
17 18 43 28 3 68
27 28 19 49 72 21
28 29 29 93 68 59
32 33 43 32 31 45
38 39 25 74 81 19
0 1 7 47 6 89
16 17 58 44 27 53
2 3 8 73 17 51
25 26 15 36 17 58
22 23 23 81 72 60
35 36 45 30 80 37
15 16 16 49 76 59
1 2 46 97 76 79
18 19 51 70 66 13
12 13 36 1 13 65
6 7 47 3 15 31
7 8 39 4 8 72
31 32 54 55 39 8
9 10 47 1 86 61
14 15 12 53 29 35
30 31 36 57 93 66
34 35 58 79 94 36
8 9 3 86 83 51
26 27 0 46 88 67
21 22 9 19 11 54
20 21 25 53 99 2
3 4 5 40 81 88
29 30 55 34 77 57
77 75 41 64
61 62 12 47 49 51
13 14 1 10 60 75
37 38 12 48 40 7
73 74 21 61 63 73
1 2 43 93 29 81
72 73 56 5 3 7
10 11 24 48 72 78
17 18 54 50 32 98
39 40 52 41 93 18
56 57 39 21 100 68
75 76 55 86 52 42
15 16 55 1 84 39
69 70 22 1 8 66
74 75 47 59 57 92
38 39 40 85 88 82
22 23 57 25 42 90
46 47 35 6 44 73
68 69 39 43 54 82
67 68 44 85 27 100
64 65 55 17 38 49
16 17 56 52 44 36
24 25 51 58 15 83
62 63 10 84 28 80
30 31 28 92 25 60
50 51 32 80 79 6
47 48 30 29 19 53
28 29 55 45 91 22
18 19 19 14 87 15
59 60 45 72 95 48
8 9 50 100 64 85
60 61 17 41 17 82
55 56 7 26 20 6
31 32 38 47 12 88
2 3 8 46 51 99
70 71 30 43 58 3
21 22 0 70 33 16
33 34 51 80 87 12
71 72 40 70 64 64
3 4 26 8 5 18
48 49 56 15 87 28
11 12 24 99 39 64
35 36 58 21 20 66
34 35 55 93 39 39
41 42 58 46 56 58
12 13 28 8 26 29
36 37 37 61 95 46
14 15 15 23 18 23
23 24 43 62 49 41
65 66 17 2 81 71
4 5 29 51 72 27
66 67 4 36 4 69
44 45 32 19 2 88
52 53 30 30 39 1
6 7 14 69 58 75
25 26 44 47 76 0
27 28 55 59 51 22
43 44 17 50 19 47
29 30 20 63 54 73
7 8 43 37 13 40
49 50 28 47 75 65
5 6 31 92 72 93
63 64 1 37 59 34
54 55 53 22 29 45
19 20 45 65 60 4
9 10 17 53 76 66
32 33 5 83 33 42
51 52 35 29 31 16
57 58 18 93 74 57
20 21 15 12 100 51
53 54 44 58 78 37
42 43 18 74 88 54
58 59 16 82 4 2
0 1 4 87 46 36
26 27 29 37 26 80
45 46 23 95 38 49
43 28 1 35
2 3 5 5 64 79
30 31 37 93 66 32
32 33 54 56 1 62
7 8 22 10 84 15
5 6 53 32 64 66
6 7 19 20 76 14
17 18 44 58 94 39
3 4 9 100 99 63
11 12 43 2 36 27
0 1 15 90 70 26
15 16 0 20 100 22
31 32 41 18 71 32
18 19 15 90 98 30
22 23 8 73 15 64
19 20 54 62 9 31
28 29 13 29 15 67
37 38 30 43 35 50
39 40 23 96 45 83
4 5 28 64 70 60
13 14 21 62 51 43
29 30 11 7 10 58
27 28 25 20 98 63
10 11 53 95 22 11
14 15 35 41 20 90
1 2 17 37 59 74
36 37 52 53 87 54
16 17 57 88 78 76
23 24 35 99 41 71
62 46 41 60
46 47 38 79 24 29
30 31 45 34 5 29
35 36 7 85 54 10
2 3 1 18 30 57
55 56 20 23 18 26
37 38 31 89 59 99
20 21 55 26 74 48
47 48 9 74 30 40
7 8 50 62 57 4
19 20 30 20 62 34
16 17 25 89 69 55
27 28 40 77 71 9
8 9 21 99 88 43
22 23 14 66 25 67
42 43 32 74 24 89
51 52 19 15 57 56
52 53 4 38 59 20
43 44 6 96 35 42
33 34 48 38 48 90
36 37 5 64 63 95
56 57 17 26 80 70
44 45 30 100 97 97
48 49 21 45 2 78
54 55 14 5 37 6
50 51 14 34 62 94
60 61 16 55 12 87
39 40 28 60 98 74
13 14 23 49 75 86
1 2 50 95 11 70
58 59 29 80 44 7
57 58 57 89 51 3
12 13 56 39 83 70
18 19 44 22 6 78
23 24 42 16 3 70
45 46 46 96 94 83
26 27 47 72 34 100
41 42 3 66 77 70
49 50 28 9 52 87
17 18 27 68 32 71
10 11 28 57 99 0
28 29 39 76 60 76
24 25 26 40 77 21
29 30 59 32 15 29
32 33 55 28 48 14
59 60 33 32 89 83
9 10 0 16 48 20
56 51 6 55
53 54 26 43 81 96
18 19 58 46 53 87
49 50 14 28 4 8
54 55 54 23 79 95
26 27 2 55 25 2
4 5 22 49 15 38
23 24 45 30 54 26
16 17 15 100 75 99
37 38 19 21 37 98
24 25 7 5 68 18
25 26 42 78 22 73
50 51 31 49 66 40
22 23 9 50 27 10
40 41 16 23 57 79
31 32 16 48 53 30
15 16 43 99 6 8
35 36 28 61 22 71
43 44 46 5 76 34
32 33 49 17 37 34
41 42 30 28 32 35
28 29 35 62 86 9
17 18 25 95 84 93
8 9 46 59 80 12
30 31 3 66 33 74
11 12 46 94 35 38
44 45 43 98 23 37
7 8 47 53 52 50
6 7 25 28 97 77
46 47 56 72 86 42
20 21 18 74 20 90
3 4 38 48 12 8
29 30 38 81 26 21
33 34 3 91 57 74
48 49 43 67 39 19
14 15 50 80 56 29
10 11 47 15 78 83
34 35 38 3 6 10
5 6 40 59 43 27
19 20 58 83 44 98
42 43 10 80 21 4
2 3 39 25 79 5
1 2 42 58 29 23
12 13 28 31 57 49
0 1 8 4 14 27
52 53 21 86 41 2
45 46 19 97 71 3
13 14 32 60 73 51
36 37 48 84 44 29
51 52 5 68 75 78
27 28 51 90 92 36
21 22 32 23 15 55
62 52 2 57
21 22 0 73 57 58
58 59 3 12 97 2
30 31 40 5 26 22
54 55 33 37 17 79
43 44 46 60 88 61
19 20 8 57 86 29
57 58 12 89 47 71
44 45 40 65 15 78
25 26 3 91 86 15
34 35 14 47 74 91
56 57 53 22 32 15
7 8 39 75 33 100
40 41 2 66 1 62
12 13 15 77 41 68
51 52 38 40 47 21
14 15 46 9 90 45
35 36 42 86 21 29
26 27 41 61 23 50
52 53 55 58 89 66
42 43 37 83 29 96
3 4 21 12 67 90
23 24 59 26 94 39
46 47 52 19 97 25
32 33 9 8 95 32
17 18 24 46 50 89
16 17 43 45 80 62
60 61 36 27 64 66
55 56 5 65 86 49
13 14 23 12 13 83
38 39 9 34 87 69
1 2 49 38 26 31
24 25 16 68 54 80
45 46 56 95 9 8
9 10 21 97 17 71
48 49 48 63 54 53
37 38 24 74 96 44
31 32 26 80 81 69
18 19 37 18 51 81
47 48 8 98 77 17
41 42 4 69 21 85
11 12 35 94 93 63
8 9 23 94 42 55
49 50 42 43 97 70
15 16 56 14 63 0
36 37 59 42 48 37
20 21 41 69 49 25
5 6 16 34 63 95
22 23 43 47 91 9
53 54 30 1 93 47
6 7 36 14 46 97
29 30 37 39 85 88
28 29 32 23 84 18
60 50 26 57
15 16 36 13 95 59
26 27 13 90 56 13
29 30 2 64 31 20
33 34 41 74 92 70
3 4 13 5 38 42
31 32 39 54 52 77
13 14 52 35 12 21
22 23 12 25 72 75
51 52 34 18 49 42
54 55 27 38 16 28
28 29 36 44 19 50
57 58 2 82 72 37
49 50 4 88 5 60
48 49 14 4 85 89
36 37 1 22 77 90
42 43 32 21 12 97
46 47 27 31 79 96
17 18 41 34 67 95
35 36 53 84 72 26
21 22 54 45 28 91
4 5 46 68 19 67
52 53 39 77 16 1
12 13 3 66 83 4
53 54 23 30 55 26
6 7 3 96 28 64
44 45 21 16 15 31
19 20 21 100 11 71
5 6 48 24 76 2
14 15 1 45 92 19
8 9 39 75 26 2
43 44 16 17 18 42
32 33 2 51 33 56
45 46 51 96 72 84
2 3 7 71 11 45
56 57 55 9 19 84
1 2 30 29 3 12
11 12 54 60 25 79
20 21 38 44 14 70
55 56 52 56 13 99
9 10 24 53 50 9
47 48 26 31 20 72
41 42 26 80 75 10
50 51 2 92 92 2
10 11 15 48 87 7
24 25 5 15 65 98
34 35 36 3 50 61
39 40 46 12 85 74
18 19 40 44 72 64
27 28 2 90 28 67
16 17 22 42 35 58
26 23 11 23
7 8 19 83 44 58
20 21 18 42 67 83
15 16 29 10 34 9
21 22 46 23 65 32
1 2 35 97 47 7
3 4 15 79 86 6
6 7 8 47 4 51
2 3 14 91 61 53
11 12 51 27 16 39
12 13 47 28 32 41
5 6 55 18 86 68
14 15 12 99 56 52
17 18 57 64 27 75
10 11 3 83 12 21
16 17 6 53 90 73
9 10 57 75 93 23
4 5 24 95 17 94
18 19 40 30 98 88
0 1 53 7 100 57
24 25 36 73 20 32
22 23 13 85 31 39
23 24 31 99 80 98
13 14 42 38 69 68
56 37 25 36
24 25 14 6 20 85
2 3 28 62 40 77
25 26 57 6 79 82
7 8 30 36 21 73
13 14 51 66 76 44
42 43 51 93 40 89
16 17 46 42 15 97
10 11 14 33 18 4
22 23 52 20 42 55
33 34 4 17 84 53
45 46 18 51 2 5
17 18 12 87 28 86
3 4 39 41 46 13
34 35 36 37 42 46
46 47 16 33 14 29
35 36 10 68 95 22
1 2 44 83 39 25
12 13 51 93 34 81
53 54 41 84 92 80
54 55 29 44 52 7
36 37 16 25 93 19
48 49 8 71 83 35
9 10 35 4 96 74
26 27 45 12 58 76
27 28 4 67 24 37
28 29 11 55 65 43
32 33 38 20 67 65
0 1 4 86 24 75
44 45 57 58 30 62
49 50 1 50 77 26
11 12 40 57 74 25
51 52 30 15 27 35
41 42 53 47 87 4
21 22 41 13 89 36
4 5 17 45 96 38
38 39 25 26 70 52
43 44 3 65 12 17
73 48 11 50
56 57 36 98 28 69
58 59 30 78 58 16
18 19 40 4 97 85
47 48 10 80 79 22
28 29 56 15 13 20
33 34 11 97 67 26
4 5 30 84 70 74
21 22 48 99 56 63
27 28 0 69 42 54
62 63 48 64 27 62
50 51 26 65 83 25
19 20 31 13 29 17
63 64 9 21 62 68
26 27 56 27 98 37
53 54 55 27 27 12
40 41 23 33 34 17
6 7 43 11 16 94
34 35 2 72 7 9
49 50 22 92 68 39
57 58 49 29 70 24
70 71 12 94 99 99
46 47 20 61 74 4
31 32 17 54 18 25
25 26 19 58 7 78
35 36 45 89 18 79
2 3 56 97 63 68
64 65 35 11 95 20
59 60 58 51 30 60
52 53 44 52 85 8
22 23 13 17 83 68
23 24 52 30 31 34
13 14 22 16 55 3
10 11 28 86 12 22
55 56 27 27 73 94
43 44 14 90 75 36
45 46 43 51 68 69
48 49 12 25 72 49
30 31 12 67 42 34
60 61 19 19 24 66
5 6 23 24 38 72
38 39 12 5 31 67
16 17 25 26 61 20
54 55 4 97 39 51
20 21 53 3 44 59
15 16 45 30 97 6
61 62 32 53 43 47
41 42 53 13 37 10
32 33 39 8 55 28
19 11 5 17
4 5 33 62 4 38
6 7 15 55 84 24
7 8 30 67 73 4
8 9 30 84 49 12
5 6 40 6 17 92
10 11 39 28 95 17
11 12 43 75 78 67
9 10 42 69 92 74
2 3 37 98 80 3
16 17 27 8 63 39
14 15 15 47 27 7
57 22 46 48
38 39 18 8 63 8
42 43 21 62 11 61
34 35 18 68 88 90
11 12 6 9 14 17
26 27 59 64 16 87
49 50 32 16 11 88
10 11 16 95 13 47
51 52 33 19 81 32
0 1 7 38 40 82
35 36 39 62 63 70
31 32 48 44 25 29
46 47 6 13 16 68
17 18 32 45 44 64
18 19 3 60 35 71
2 3 36 98 3 59
30 31 24 68 76 36
16 17 12 72 94 57
53 54 45 46 31 78
12 13 25 58 50 20
55 56 53 88 64 6
25 26 5 32 29 51
13 14 4 24 18 36
23 20 1 20
1 2 50 70 62 81
5 6 14 84 4 9
7 8 44 46 96 85
8 9 27 39 87 21
3 4 26 59 94 98
12 13 10 74 20 89
19 20 24 77 71 92
4 5 42 12 75 29
21 22 26 62 78 85
13 14 5 70 14 75
2 3 31 10 37 71
20 21 11 10 60 26
18 19 9 18 89 33
9 10 4 44 5 42
6 7 41 4 46 90
16 17 33 15 61 84
0 1 17 80 35 26
14 15 53 96 45 86
15 16 57 39 23 16
17 18 30 41 61 62
57 44 54 54
13 14 52 36 20 17
17 18 42 31 12 44
0 1 31 1 1 88
3 4 3 86 99 30
35 36 1 58 42 89
16 17 13 23 87 10
4 5 7 75 7 61
7 8 28 86 75 73
20 21 5 31 59 2
14 15 47 51 45 54
53 54 4 13 100 85
43 44 57 37 67 34
52 53 25 54 84 77
25 26 14 89 99 61
50 51 16 91 43 44
22 23 36 67 30 98
2 3 6 56 69 56
47 48 8 38 41 93
27 28 54 50 28 60
11 12 16 66 41 43
10 11 11 37 78 70
23 24 52 59 14 15
15 16 12 12 84 42
44 45 54 5 48 82
48 49 2 76 40 90
24 25 56 36 59 94
28 29 44 55 52 28
29 30 55 71 20 32
37 38 17 57 10 78
31 32 6 4 9 3
33 34 8 85 70 0
54 55 15 50 36 5
8 9 42 24 22 59
12 13 22 52 27 50
41 42 57 13 62 85
36 37 59 51 64 29
1 2 27 23 62 46
55 56 40 4 5 19
34 35 24 29 42 84
42 43 56 95 11 19
21 22 46 21 68 100
46 47 12 40 23 80
39 40 0 35 61 5
38 39 46 26 40 90
77 68 29 37
71 72 4 56 61 93
47 48 9 90 72 93
43 44 32 82 36 37
24 25 28 63 40 69
66 67 45 53 73 57
56 57 53 61 89 54
60 61 38 48 51 51
74 75 28 65 21 47
64 65 22 95 9 97
9 10 5 68 93 18
44 45 2 11 83 38
48 49 46 90 100 58
12 13 42 30 38 60
37 38 48 79 25 86
68 69 7 41 43 22
18 19 0 9 43 86
42 43 29 35 45 8
5 6 18 32 92 7
62 63 40 72 49 20
22 23 52 94 3 100
10 11 18 17 23 98
13 14 46 96 34 28
45 46 8 75 77 89
55 56 3 28 34 93
20 21 22 28 80 72
40 41 1 86 26 17
15 16 9 95 42 96
36 37 35 98 97 72
70 71 10 69 74 88
41 42 39 13 40 77
75 76 15 83 75 29
69 70 58 46 82 8
23 24 15 14 17 21
11 12 33 22 54 9
7 8 32 89 18 96
31 32 46 66 31 12
34 35 26 5 99 59
46 47 5 92 23 58
1 2 50 61 65 7
21 22 5 83 63 81
8 9 12 36 12 19
57 58 57 94 48 74
63 64 6 70 45 57
39 40 45 50 95 79
19 20 52 95 68 76
33 34 23 69 43 21
54 55 38 42 73 48
38 39 20 5 22 94
4 5 59 12 47 4
35 36 2 80 99 74
32 33 15 45 94 98
65 66 52 64 100 42
49 50 3 92 21 27
67 68 36 92 38 52
28 29 50 60 76 6
72 73 23 15 78 56
58 59 43 72 60 71
59 60 36 78 34 61
25 26 34 4 79 4
27 28 17 22 75 85
51 52 10 58 78 75
61 62 21 79 8 85
14 15 3 89 11 70
26 27 38 92 8 12
3 4 29 55 100 41
16 17 24 65 8 93
52 53 30 80 81 94
17 18 54 34 75 43
79 33 57 62
51 52 28 85 20 78
4 5 53 57 76 41
27 28 9 17 91 67
67 68 22 99 21 98
37 38 40 19 46 84
32 33 16 24 63 16
40 41 36 26 4 68
62 63 20 66 25 43
64 65 10 49 67 15
70 71 34 81 67 53
57 58 23 12 50 78
44 45 10 26 46 74
42 43 42 72 78 45
22 23 3 32 56 27
3 4 31 55 35 2
43 44 30 33 60 39
68 69 2 24 7 57
39 40 21 65 8 10
12 13 53 73 16 85
71 72 35 52 2 79
35 36 15 15 86 48
55 56 47 48 73 49
31 32 16 74 73 58
53 54 48 34 66 98
16 17 9 7 94 14
2 3 3 9 41 87
20 21 25 25 40 37
25 26 53 48 27 70
60 61 49 59 61 21
13 14 43 91 50 0
75 76 54 79 13 48
72 73 13 74 51 19
59 60 33 45 71 23
84 81 42 73
29 30 29 37 49 8
82 83 34 21 60 25
79 80 23 45 17 48
0 1 28 1 43 85
2 3 43 1 76 15
77 78 47 66 33 84
33 34 54 92 82 99
1 2 13 74 66 48
68 69 55 83 28 30
75 76 15 68 39 82
13 14 34 24 76 72
5 6 5 29 95 78
46 47 48 30 18 84
31 32 40 27 22 63
16 17 0 6 15 31
58 59 50 79 72 30
23 24 52 82 89 46
12 13 36 56 86 13
63 64 22 31 6 35
61 62 10 98 56 70
53 54 13 30 86 28
55 56 12 48 46 82
14 15 57 71 64 15
72 73 35 55 64 94
17 18 54 69 41 1
18 19 28 81 67 51
42 43 42 84 98 48
8 9 45 73 77 91
15 16 53 67 61 16
50 51 46 63 23 22
44 45 39 17 72 8
10 11 17 69 81 99
71 72 42 11 7 0
39 40 24 47 75 71
37 38 37 8 40 32
11 12 26 77 96 5
78 79 38 31 55 42
76 77 13 94 64 73
22 23 36 43 72 98
26 27 14 34 17 12
24 25 55 9 20 22
69 70 50 67 93 55
40 41 21 12 88 78
34 35 24 49 74 61
20 21 34 3 84 30
3 4 36 18 72 5
21 22 54 36 99 78
81 82 47 97 13 95
48 49 43 13 35 3
54 55 51 77 18 99
32 33 35 20 65 97
38 39 14 97 81 49
25 26 41 94 21 69
7 8 5 43 24 13
59 60 50 62 17 95
27 28 4 20 8 79
41 42 45 97 49 14
60 61 16 27 85 44
66 67 56 18 99 0
45 46 34 16 30 41
6 7 51 3 14 4
62 63 51 25 22 61
73 74 1 36 38 6
4 5 26 40 22 97
47 48 27 56 65 17
28 29 17 86 95 21
51 52 40 14 81 12
36 37 40 99 51 96
57 58 33 61 33 66
64 65 54 71 86 69
35 36 48 88 2 96
19 20 14 28 4 82
43 44 18 26 54 72
65 66 31 13 62 94
70 71 6 84 4 94
74 75 43 47 50 68
9 10 19 98 3 93
52 53 34 87 98 57
67 68 18 14 5 61
30 31 56 42 49 4
80 81 55 72 14 66
33 19 6 30
14 15 1 90 96 34
2 3 45 21 6 2
19 20 16 63 37 8
24 25 16 14 1 47
21 22 42 70 10 65
29 30 19 41 26 66
3 4 55 49 81 44
13 14 17 48 52 41
10 11 50 18 47 91
8 9 5 32 38 42
0 1 58 87 83 80
15 16 9 32 85 4
31 32 34 5 16 47
4 5 45 94 5 16
26 27 58 95 29 6
25 26 20 47 48 24
11 12 31 63 11 51
22 23 16 37 78 52
28 29 13 6 31 63
48 42 2 36
45 46 5 92 35 16
2 3 58 72 65 10
30 31 17 100 6 2
37 38 11 62 33 8
24 25 37 96 51 55
36 37 46 30 45 88
14 15 32 2 50 84
18 19 58 55 33 24
34 35 36 17 95 52
44 45 55 9 22 5
29 30 40 97 69 78
40 41 42 82 7 34
42 43 15 37 4 49
38 39 13 29 42 11
7 8 48 22 50 62
13 14 25 90 4 24
26 27 49 82 4 84
46 47 48 86 19 94
31 32 51 44 99 55
4 5 2 43 35 80
22 23 41 86 95 20
9 10 12 11 69 73
15 16 33 39 61 53
11 12 58 98 20 91
0 1 29 20 47 97
8 9 51 64 18 69
6 7 18 65 59 75
28 29 10 9 63 100
35 36 0 33 55 22
43 44 46 47 88 77
23 24 27 53 25 47
39 40 15 66 47 9
16 17 32 69 48 52
3 4 10 43 42 97
1 2 53 98 11 17
41 42 55 52 9 17
33 34 59 21 61 96
25 26 29 11 91 62
27 28 17 25 96 18
5 6 8 16 19 100
12 13 6 20 47 56
20 21 52 92 76 14
24 22 4 19
14 15 28 13 5 6
21 22 27 60 84 100
12 13 49 87 62 23
22 23 24 98 15 20
17 18 42 93 37 37
8 9 40 15 33 61
13 14 56 21 59 97
1 2 6 31 25 94
18 19 39 26 95 95
9 10 5 54 87 66
0 1 13 83 40 7
19 20 41 82 79 53
6 7 56 97 36 39
11 12 39 1 50 1
5 6 4 83 92 40
3 4 42 91 81 6
15 16 26 7 35 44
20 21 9 79 35 35
10 11 0 69 21 29
7 8 27 66 55 63
4 5 13 59 33 45
2 3 4 90 49 11
94 80 6 59
70 71 8 14 80 85
4 5 14 86 97 14
49 50 16 44 81 54
1 2 9 17 42 61
56 57 34 37 70 1
87 88 26 33 94 34
18 19 9 61 64 5
72 73 46 50 46 96
71 72 8 4 11 26
66 67 43 34 100 64
67 68 8 75 21 19
28 29 17 97 14 50
55 56 19 31 31 81
57 58 40 27 80 38
13 14 31 50 34 30
37 38 10 5 49 25
21 22 19 94 25 7
46 47 18 14 94 17
14 15 55 8 1 90
80 81 35 23 6 54
89 90 34 7 38 36
38 39 6 80 25 80
48 49 9 45 94 16
43 44 28 51 76 36
50 51 2 77 79 46
42 43 27 22 87 16
51 52 34 29 71 5
9 10 41 89 23 100
36 37 0 63 64 50
54 55 31 48 18 76
39 40 14 91 79 1
26 27 19 42 7 25
6 7 59 55 24 60
15 16 55 100 16 3
59 60 3 76 94 27
16 17 43 19 74 91
81 82 21 19 71 42
11 12 34 98 88 61
53 54 30 39 19 89
0 1 29 54 91 80
77 78 23 39 45 15
61 62 28 88 14 84
69 70 51 75 52 39
41 42 45 43 43 16
62 63 31 23 43 48
44 45 32 57 23 68
64 65 6 73 9 11
2 3 24 39 5 45
33 34 59 6 82 97
60 61 16 53 23 45
76 77 49 65 97 77
29 30 57 87 23 59
75 76 43 69 56 45
74 75 12 79 45 31
35 36 25 14 8 80
83 84 37 43 85 68
22 23 30 44 7 58
84 85 55 36 19 26
52 53 59 67 30 97
17 18 48 89 73 67
82 83 42 50 12 58
90 91 19 16 36 87
45 46 3 84 59 50
12 13 32 10 9 35
5 6 46 96 19 57
68 69 5 17 8 12
85 86 9 65 5 44
7 8 48 41 79 61
91 92 36 20 23 75
73 74 2 73 94 23
34 35 50 26 9 67
92 93 5 37 76 48
3 4 55 95 43 69
27 28 33 60 33 82
20 21 3 46 63 45
86 87 39 17 77 65
31 32 52 51 40 78
23 24 38 40 20 53
88 89 13 28 80 49
19 20 45 85 96 44
33 25 5 18
27 28 3 24 79 83
18 19 37 99 59 54
1 2 30 72 35 3
17 18 22 18 51 71
20 21 46 14 52 23
7 8 11 85 27 46
15 16 10 27 56 27
11 12 23 31 65 23
22 23 18 34 67 25
4 5 16 36 33 73
30 31 15 34 40 39
6 7 6 24 98 20
5 6 27 26 55 94
9 10 44 51 88 12
12 13 25 69 77 2
31 32 28 71 96 99
28 29 32 40 82 59
8 9 12 37 29 20
24 25 17 90 81 3
2 3 44 52 94 79
14 15 17 24 97 39
23 24 29 91 95 87
10 11 16 61 54 52
21 22 33 95 51 38
19 20 8 39 71 49
56 53 20 54
41 42 52 90 46 70
22 23 26 83 91 82
19 20 18 80 57 33
9 10 26 44 59 47
54 55 23 7 63 38
36 37 1 69 59 41
28 29 31 17 98 20
20 21 0 24 58 66
35 36 22 27 18 91
44 45 19 28 72 32
24 25 53 100 53 72
12 13 30 95 28 82
32 33 48 44 97 99
33 34 11 88 2 77
50 51 3 83 73 26
4 5 48 4 91 98
43 44 6 66 86 23
53 54 6 95 87 65
37 38 16 75 82 62
40 41 21 35 46 53
29 30 47 87 91 70
7 8 31 81 25 15
25 26 36 10 11 4
31 32 36 73 98 2
46 47 11 96 21 8
30 31 29 36 71 3
26 27 7 13 62 78
48 49 9 7 15 34
10 11 19 6 71 100
17 18 25 41 86 4
0 1 4 35 80 80
27 28 9 92 40 94
38 39 40 21 63 50
5 6 59 53 98 42
6 7 47 82 35 40
15 16 3 31 75 39
34 35 38 40 82 63
1 2 2 81 97 22
3 4 15 52 100 18
2 3 5 91 64 77
13 14 1 9 2 27
23 24 43 7 16 43
47 48 11 28 81 78
21 22 24 51 78 27
16 17 27 23 31 8
45 46 35 39 2 3
42 43 2 66 1 3
8 9 56 40 58 36
52 53 3 50 93 47
39 40 16 3 66 49
11 12 29 52 43 68
14 15 39 23 59 37
49 50 51 20 49 80
85 71 36 73
5 6 48 10 1 73
14 15 12 89 21 45
45 46 35 30 69 57
21 22 11 55 50 14
37 38 3 28 81 27
38 39 6 66 77 58
28 29 21 23 9 33
61 62 9 73 16 66
72 73 14 67 22 86
57 58 10 83 37 87
23 24 52 98 9 84
22 23 54 25 89 78
20 21 47 64 19 39
30 31 47 56 15 87
48 49 55 33 86 2
17 18 45 17 29 12
41 42 48 24 31 76
8 9 54 77 6 45
63 64 58 71 32 75
56 57 56 28 50 96
66 67 35 85 25 74
11 12 40 43 80 16
46 47 29 64 36 58
7 8 20 96 29 59
9 10 31 33 85 7
80 81 47 58 36 9
58 59 9 40 1 58
53 54 14 13 17 17
70 71 26 51 96 2
82 83 23 26 4 53
65 66 23 61 54 43
78 79 48 78 72 15
19 20 6 86 86 52
79 80 30 89 91 3
6 7 30 86 18 38
55 56 5 82 15 48
62 63 11 25 10 23
31 32 21 90 11 2
27 28 34 55 23 48
74 75 35 70 25 47
67 68 24 32 4 17
18 19 16 100 49 61
15 16 5 78 88 4
42 43 8 29 60 87
43 44 46 41 6 83
40 41 20 73 22 66
0 1 13 40 45 76
39 40 28 44 12 48
29 30 1 15 89 84
71 72 5 63 48 52
3 4 31 21 35 69
59 60 27 34 50 49
1 2 12 60 75 77
4 5 22 22 81 28
64 65 41 52 59 41
32 33 23 11 32 43
54 55 22 89 46 37
73 74 8 97 8 68
34 35 18 86 5 38
81 82 29 64 13 57
77 78 42 42 81 42
51 52 52 17 42 66
50 51 4 80 95 86
69 70 7 31 54 81
68 69 53 37 95 9
47 48 0 14 77 73
35 36 5 61 47 21
24 25 44 57 96 22
2 3 37 92 65 97
26 27 7 89 34 22
76 77 8 77 69 8
79 60 25 49
24 25 36 30 47 72
56 57 42 43 83 28
23 24 4 4 41 63
57 58 48 40 1 28
66 67 53 14 86 94
35 36 48 24 85 40
70 71 21 16 8 38
20 21 1 89 63 58
2 3 47 70 63 99
54 55 37 14 14 79
32 33 33 83 46 100
30 31 10 84 63 42
49 50 6 70 81 49
9 10 59 45 15 28
0 1 45 61 20 96
12 13 37 24 12 78
51 52 34 66 78 29
36 37 40 82 6 44
17 18 35 5 35 48
75 76 19 88 100 6
45 46 40 29 35 42
11 12 8 33 18 96
53 54 6 4 88 55
41 42 20 14 64 25
63 64 33 56 81 84
7 8 16 43 51 36
60 61 6 61 59 33
42 43 29 84 61 22
4 5 58 49 4 80
29 30 58 96 59 82
10 11 44 17 6 55
68 69 32 6 57 37
38 39 44 22 58 71
59 60 17 44 100 7
61 62 28 60 38 3
31 32 35 14 4 35
77 78 53 4 41 96
28 29 41 67 98 92
48 49 19 14 85 82
3 4 23 70 96 22
1 2 18 89 49 83
15 16 16 73 23 27
5 6 16 11 61 32
16 17 5 13 18 74
44 45 23 46 55 30
14 15 29 9 85 82
13 14 42 76 22 83
52 53 43 44 68 67
43 44 21 37 29 7
33 34 47 39 82 48
58 59 55 78 60 44
40 41 33 18 92 88
69 70 24 63 49 18
6 7 13 5 65 19
27 28 12 6 5 8
72 73 12 99 38 79
47 48 17 87 69 85
22 23 33 43 6 7
65 66 35 77 86 94
25 26 35 32 21 53
5 4 1 4
3 4 17 93 68 88
0 1 9 12 46 48
2 3 8 12 28 77
1 2 12 64 22 3
74 60 3 20
18 19 22 59 15 56
70 71 49 12 22 60
59 60 50 5 67 99
54 55 31 45 16 40
9 10 29 3 54 84
44 45 28 97 27 51
40 41 0 12 68 94
28 29 8 20 7 84
36 37 21 66 19 38
65 66 19 24 79 79
69 70 54 52 18 7
56 57 27 78 83 99
21 22 50 41 29 30
55 56 11 13 3 74
37 38 1 96 1 62
8 9 19 87 9 100
20 21 3 52 61 31
48 49 28 17 46 93
39 40 16 99 42 74
38 39 26 90 21 63
24 25 20 30 95 52
19 20 52 54 4 86
4 5 46 65 20 71
50 51 49 97 14 0
29 30 8 84 45 13
45 46 21 68 78 3
42 43 56 45 81 64
35 36 19 21 79 45
30 31 40 72 84 42
1 2 12 62 23 34
3 4 44 8 83 82
13 14 33 62 87 32
0 1 44 4 54 0
47 48 49 83 42 12
52 53 8 52 87 96
16 17 10 92 24 68
17 18 5 9 82 26
66 67 39 51 92 20
49 50 44 16 70 88
26 27 1 10 63 80
57 58 25 25 70 45
7 8 25 93 56 93
31 32 52 13 87 5
53 54 49 44 45 38
11 12 19 50 60 39
15 16 53 24 22 93
6 7 28 9 84 2
14 15 52 83 63 37
25 26 4 92 22 32
34 35 42 76 12 74
64 65 39 85 51 10
43 44 13 29 39 26
12 13 55 81 15 48
67 68 16 86 24 84
71 72 20 19 20 85
5 6 35 36 8 39
62 63 20 14 50 53
60 61 17 83 76 51
23 24 16 49 72 93
46 47 16 43 8 32
5 4 0 3
0 1 51 56 87 83
3 4 46 42 8 83
2 3 25 52 50 45
1 2 10 18 87 89
7 6 2 6
4 5 21 65 37 64
5 6 39 22 46 29
0 1 20 90 37 20
3 4 54 24 7 7
2 3 34 83 63 51
1 2 13 27 10 16
91 86 5 64
42 43 23 47 8 48
70 71 52 41 34 9
8 9 30 97 7 41
24 25 5 10 57 43
4 5 28 55 66 17
0 1 53 52 28 22
68 69 32 18 32 39
86 87 15 14 90 93
34 35 36 11 36 81
48 49 19 31 99 80
39 40 22 44 19 50
29 30 11 12 100 32
79 80 16 90 50 95
55 56 25 64 66 4
22 23 36 29 77 80
17 18 11 36 6 26
21 22 9 44 78 33
30 31 59 75 97 39
19 20 32 75 39 15
38 39 22 5 86 65
16 17 49 84 76 16
87 88 7 34 4 12
25 26 18 97 95 54
74 75 10 40 31 42
66 67 36 99 11 10
83 84 43 53 73 36
60 61 17 52 8 48
40 41 21 30 56 63
78 79 42 39 79 31
50 51 27 84 79 69
2 3 5 89 35 5
59 60 21 31 2 63
67 68 59 32 83 45
27 28 7 69 92 70
84 85 57 85 11 30
81 82 40 71 71 19
33 34 34 29 2 83
69 70 45 63 31 2
77 78 11 70 38 8
62 63 7 11 70 86
12 13 27 88 30 14
37 38 17 27 51 57
45 46 51 85 64 24
88 89 13 52 92 6
18 19 13 97 80 21
13 14 27 89 7 2
61 62 57 24 12 1
54 55 16 82 78 33
46 47 48 83 5 30
32 33 59 71 39 52
52 53 1 85 18 53
56 57 44 49 54 12
41 42 23 44 38 65
63 64 2 65 12 71
64 65 16 77 66 37
51 52 16 39 46 37
71 72 13 41 76 74
89 90 23 5 5 35
26 27 7 44 60 61
10 11 42 38 25 9
47 48 14 24 24 0
65 66 57 87 57 58
82 83 30 84 74 58
80 81 50 16 2 4
35 36 18 75 25 41
3 4 52 50 3 3
58 59 7 93 90 84
20 21 37 25 67 80
49 50 43 87 25 29
36 37 35 96 1 58
23 24 59 95 20 43
1 2 8 64 84 20
7 8 14 82 77 83
15 16 4 34 72 39
43 44 36 61 92 76
28 29 11 34 41 29
31 32 38 80 75 96
85 86 0 85 57 7
5 6 7 85 20 48
6 7 23 68 83 82
14 15 6 4 61 63
75 76 31 26 50 26
11 12 10 2 24 37
57 58 34 35 67 7
72 73 35 57 59 98
76 77 0 68 13 72
73 46 35 47
35 36 34 25 24 35
49 50 17 15 30 94
19 20 0 94 30 73
20 21 18 92 63 1
43 44 3 93 64 98
65 66 25 57 74 45
31 32 37 29 4 36
4 5 11 19 82 74
44 45 59 21 59 15
67 68 53 48 89 72
0 1 37 25 27 15
59 60 50 63 54 52
63 64 30 8 19 33
5 6 18 83 58 36
39 40 13 18 47 8
28 29 2 2 74 7
8 9 58 10 16 21
23 24 31 85 53 4
1 2 38 25 40 94
3 4 13 53 68 7
53 54 59 13 80 49
29 30 15 61 7 10
47 48 22 57 42 67
69 70 31 65 51 31
48 49 18 91 95 90
68 69 35 99 20 61
36 37 52 25 58 43
51 52 43 12 28 23
17 18 30 82 7 50
70 71 5 96 67 74
25 26 30 19 24 75
2 3 2 38 68 21
38 39 50 50 13 52
6 7 2 83 92 65
24 25 33 73 51 79
57 58 29 38 47 78
26 27 1 86 35 59
56 57 9 79 34 90
66 67 49 48 39 80
54 55 41 58 92 40
15 16 37 24 86 99
42 43 12 91 79 74
50 51 59 69 47 51
11 12 20 42 89 66
18 19 14 15 7 5
22 23 45 89 31 55
96 82 34 91
36 37 51 69 46 31
15 16 1 5 80 0
35 36 20 100 16 41
91 92 5 82 62 69
0 1 43 14 50 81
34 35 48 67 85 77
7 8 51 66 21 23
76 77 6 2 11 58
72 73 42 74 64 20
17 18 18 23 44 92
90 91 54 6 71 13
23 24 35 37 3 35
30 31 4 15 73 58
8 9 3 52 80 99
24 25 6 90 12 40
69 70 45 30 50 25
38 39 37 51 83 36
65 66 10 78 29 68
60 61 5 80 9 61
77 78 9 54 56 11
75 76 13 71 97 27
70 71 11 95 41 15
81 82 15 31 73 100
78 79 58 95 14 5
26 27 8 31 41 100
21 22 25 74 70 66
3 4 36 48 43 35
33 34 38 18 88 66
89 90 43 29 89 26
85 86 16 14 36 96
32 33 59 88 91 50
5 6 42 67 92 1
58 59 21 5 36 64
73 74 3 85 3 3
74 75 26 98 59 21
45 46 27 92 8 89
79 80 45 49 58 49
49 50 32 53 76 26
2 3 38 69 99 87
27 28 14 56 83 23
11 12 34 61 83 89
51 52 0 31 23 70
55 56 45 53 25 10
68 69 56 73 85 22
52 53 42 19 29 98
41 42 18 42 55 67
37 38 21 5 97 45
61 62 1 50 28 2
54 55 28 79 52 11
18 19 27 50 62 11
93 94 7 72 17 73
39 40 10 27 78 55
31 32 34 91 8 64
53 54 46 70 76 61
48 49 36 99 15 4
20 21 31 62 72 84
19 20 31 91 43 83
6 7 25 8 50 40
86 87 22 57 59 61
12 13 7 76 77 12
47 48 44 82 93 54
50 51 9 42 96 24
44 45 29 36 73 73
83 84 13 35 40 62
10 11 17 36 93 40
29 30 34 47 12 61
63 64 4 5 7 32
1 2 1 8 72 28
92 93 23 74 12 60
40 41 9 39 63 69
64 65 42 94 39 28
13 14 10 14 2 90
22 23 9 46 35 61
88 89 11 16 57 75
57 58 1 44 99 36
56 57 27 38 95 58
67 68 11 100 83 10
94 95 8 85 43 3
59 60 41 48 5 80
62 63 47 19 9 25
71 72 27 85 68 7
66 67 37 19 46 20
56 37 18 19
49 50 31 46 12 36
25 26 31 83 99 78
18 19 27 81 34 40
24 25 58 4 3 46
54 55 27 79 30 60
31 32 19 20 5 38
35 36 58 100 32 87
11 12 1 24 49 33
40 41 7 40 35 25
48 49 14 93 1 31
15 16 5 15 17 53
47 48 53 87 5 41
45 46 41 23 57 61
44 45 39 86 41 46
12 13 27 76 92 32
1 2 56 5 13 80
5 6 49 84 100 99
27 28 3 16 60 28
42 43 55 42 25 16
8 9 28 66 43 20
28 29 51 94 47 29
38 39 4 12 23 20
16 17 6 7 87 66
46 47 33 95 77 76
22 23 15 91 44 35
21 22 7 21 50 24
20 21 16 52 61 84
50 51 57 33 27 57
17 18 14 71 6 18
39 40 38 18 86 41
4 5 28 98 84 27
2 3 4 4 53 45
36 37 56 30 2 47
41 42 1 18 75 75
26 27 12 4 67 16
14 15 45 9 42 16
53 54 2 74 37 88
66 61 14 15
8 9 52 57 63 9
18 19 42 49 58 18
17 18 38 73 16 34
3 4 56 97 37 86
44 45 55 12 99 34
23 24 26 89 10 18
56 57 16 1 77 80
59 60 24 18 85 92
11 12 3 20 53 9
6 7 40 81 66 50
46 47 49 49 94 63
55 56 22 25 41 92
32 33 35 58 34 52
1 2 45 56 78 97
2 3 27 48 23 36
0 1 19 1 38 88
62 63 7 87 58 31
16 17 25 94 72 73
22 23 44 32 1 16
33 34 21 14 74 98
36 37 14 29 70 94
4 5 44 65 4 91
64 65 19 62 28 67
19 20 0 64 40 94
49 50 55 51 31 32
54 55 25 36 6 68
27 28 49 61 36 2
21 22 12 34 100 12
53 54 2 15 86 49
37 38 23 84 31 79
50 51 40 45 34 60
52 53 38 1 40 60
30 31 21 77 46 28
24 25 50 94 12 91
34 35 23 66 26 73
15 16 52 87 38 34
31 32 44 20 16 41
48 49 13 64 58 11
10 11 23 79 65 14
14 15 43 95 5 60
40 41 40 27 66 98
13 14 52 35 92 87
29 30 4 93 30 38
43 44 27 92 54 98
51 52 45 12 48 25
61 62 48 78 100 78
42 43 36 33 62 50
25 26 27 67 66 100
60 61 28 29 8 98
35 36 53 89 65 27
39 40 14 96 31 54
47 48 2 35 49 23
57 58 34 5 27 41
28 29 28 90 32 96
63 64 55 53 44 49
58 59 30 54 38 1
9 10 34 4 35 82
20 21 56 18 59 86
7 8 40 82 6 65
41 42 4 92 26 100
38 39 47 55 1 1
51 48 9 18
24 25 57 64 81 6
14 15 25 94 74 40
15 16 22 8 41 4
23 24 55 62 11 93
25 26 26 55 74 31
28 29 58 70 32 29
34 35 14 11 64 16
44 45 42 24 38 26
29 30 30 12 15 71
31 32 21 68 73 89
0 1 59 41 8 46
6 7 22 13 36 14
46 47 6 53 94 36
11 12 44 52 71 56
10 11 44 22 32 12
17 18 26 34 16 84
3 4 14 32 75 3
49 50 49 92 55 56
1 2 5 9 12 17
18 19 7 69 8 45
26 27 8 69 97 91
9 10 34 32 78 16
43 44 13 3 47 43
41 42 15 39 100 33
27 28 51 68 16 69
36 37 15 74 70 65
20 21 10 18 75 41
21 22 12 86 57 96
42 43 16 88 69 79
7 8 1 53 21 15
30 31 11 36 95 56
38 39 33 32 83 62
47 48 17 46 5 22
4 5 47 39 65 82
33 34 14 8 17 12
48 49 51 37 13 82
45 46 45 16 63 89
32 33 20 53 79 46
22 23 43 50 2 15
8 9 8 76 43 9
13 14 49 20 86 17
12 13 46 29 83 35
35 36 46 74 64 22
39 40 44 63 27 31
19 20 14 43 43 98
2 3 26 1 57 25
16 17 49 100 94 21
37 38 11 35 21 58
68 55 9 18
55 56 26 26 17 27
50 51 21 2 87 38
0 1 31 87 25 58
37 38 28 34 89 1
19 20 19 21 71 14
62 63 8 46 84 13
54 55 20 16 80 48
17 18 53 49 7 31
57 58 53 53 5 74
9 10 9 98 55 21
4 5 57 8 18 50
40 41 31 23 64 100
35 36 3 68 81 88
27 28 3 73 6 30
7 8 6 44 78 51
34 35 31 29 40 10
2 3 57 25 14 21
29 30 22 5 30 2
24 25 55 17 54 71
25 26 10 61 14 62
60 61 21 76 98 79
58 59 35 23 15 55
31 32 30 50 11 83
44 45 4 88 72 53
33 34 3 23 36 46
36 37 29 51 70 37
52 53 59 49 71 58
14 15 56 11 72 44
1 2 30 71 21 41
53 54 44 27 54 15
66 67 32 27 66 3
63 64 58 99 73 54
22 23 27 73 59 66
38 39 4 77 81 25
46 47 37 99 40 64
47 48 5 43 2 88
8 9 38 80 76 87
6 7 25 34 70 1
21 22 13 4 42 13
13 14 9 18 81 95
12 13 7 94 27 35
41 42 36 94 25 97
42 43 26 79 41 27
30 31 49 46 74 79
32 33 13 13 63 46
10 11 46 23 91 41
56 57 6 7 100 4
43 44 59 47 88 25
39 40 4 5 61 87
61 62 15 49 70 72
23 24 57 62 27 21
16 17 25 53 32 3
26 27 40 40 7 93
51 52 32 100 80 76
18 19 57 81 91 95
68 67 19 41
3 4 56 49 15 51
5 6 51 48 80 64
57 58 18 38 89 0
62 63 58 25 57 61
53 54 59 81 49 15
51 52 38 91 95 45
31 32 25 23 74 49
18 19 58 62 55 96
55 56 22 23 71 43
56 57 30 93 9 50
59 60 59 21 78 27
36 37 24 40 90 89
17 18 12 80 30 52
14 15 59 50 65 50
42 43 30 91 87 53
19 20 50 10 35 11
29 30 55 37 30 34
2 3 4 85 12 15
47 48 35 42 99 88
30 31 35 84 50 66
60 61 29 50 30 23
40 41 22 3 67 97
0 1 22 79 77 87
39 40 10 79 31 52
26 27 59 2 80 42
22 23 18 58 34 86
38 39 22 87 22 98
16 17 12 42 82 35
11 12 42 78 20 100
45 46 50 34 62 78
8 9 30 5 92 91
49 50 47 82 43 22
28 29 43 11 9 61
13 14 55 57 2 47
43 44 52 16 11 25
63 64 43 87 35 55
6 7 28 35 36 100
15 16 28 20 11 67
20 21 18 66 29 64
65 66 18 1 86 17
41 42 48 3 27 81
48 49 28 92 34 92
35 36 39 97 36 52
21 22 45 86 75 6
12 13 15 38 90 32
7 8 48 48 5 4
64 65 8 61 13 54
10 11 34 7 100 33
58 59 3 63 5 4
27 28 0 19 48 83
34 35 47 99 27 76
9 10 18 75 66 71
54 55 5 79 72 76
24 25 24 26 13 88
23 24 49 66 35 96
46 47 29 18 83 78
33 34 29 62 33 63
32 33 15 36 6 10
66 67 3 63 87 45
37 38 14 89 53 69
50 51 54 10 83 54
52 53 16 70 81 57
25 26 40 63 42 14
61 62 43 38 90 47
4 5 33 71 71 42
1 2 56 12 5 40
44 45 46 48 12 63
98 95 6 72
38 39 27 100 13 69
60 61 50 99 11 9
56 57 32 98 15 33
59 60 52 19 65 58
86 87 23 69 43 11
37 38 32 16 65 26
90 91 2 36 76 12
74 75 18 89 42 76
11 12 23 72 88 92
52 53 42 67 9 85
45 46 7 1 62 36
4 5 17 72 16 31
94 95 4 65 4 76
39 40 56 5 88 28
3 4 1 32 85 22
16 17 34 9 25 43
95 96 23 10 3 56
80 81 24 6 37 86
62 63 58 98 32 14
43 44 51 18 12 20
72 73 38 73 100 32
12 13 32 7 83 10
77 78 8 44 81 17
27 28 35 29 84 81
79 80 53 80 64 56
48 49 42 59 100 12
54 55 2 84 59 59
26 27 30 11 42 23
34 35 32 1 15 29
87 88 51 85 6 7
69 70 8 92 86 82
96 97 15 79 64 7
22 23 23 43 78 38
63 64 24 39 42 22
70 71 27 98 40 41
67 68 29 57 70 77
2 3 52 37 69 96
33 34 27 21 40 83
71 72 0 23 77 38
50 51 37 82 72 46
19 20 42 82 72 17
41 42 42 3 17 88
93 94 22 82 6 56
40 41 38 44 40 88
20 21 10 48 78 54
23 24 35 22 59 16
31 32 18 97 52 100
68 69 14 55 70 59
10 11 8 66 67 54
13 14 19 2 76 31
66 67 31 31 93 4
32 33 42 51 23 27
5 6 52 59 98 19
36 37 3 79 28 83
35 36 5 68 9 36
9 10 49 82 81 4
42 43 50 1 44 48
25 26 16 64 74 68
81 82 17 25 75 63
65 66 43 50 83 1
17 18 30 86 14 31
92 93 49 47 93 1
15 16 23 55 32 43
85 86 46 42 77 78
58 59 20 93 83 87
1 2 31 6 21 23
75 76 22 19 58 8
49 50 44 18 90 49
14 15 21 55 59 83
76 77 19 89 70 27
64 65 8 51 34 23
47 48 32 86 28 13
73 74 11 71 34 57
55 56 16 74 15 20
44 45 21 82 27 59
88 89 59 14 86 48
84 85 22 33 90 66
0 1 3 18 65 47
24 25 52 2 48 72
18 19 27 25 19 25
91 92 31 11 80 100
21 22 51 48 10 34
28 29 40 31 62 61
7 8 8 32 21 52
6 7 44 97 66 17
51 52 17 29 60 13
46 47 24 100 13 81
8 9 57 10 42 98
89 90 30 11 62 94
57 58 12 95 24 39
53 54 23 36 19 91
82 83 17 21 72 55
30 31 4 21 64 64
29 30 33 32 44 56
78 79 28 50 93 15
47 35 8 27
32 33 22 58 55 10
35 36 40 4 91 16
19 20 13 50 21 92
41 42 11 8 25 50
6 7 6 91 57 83
42 43 20 7 30 61
24 25 45 95 63 36
3 4 57 21 83 60
2 3 54 22 34 76
22 23 56 30 28 32
29 30 6 58 89 17
0 1 1 34 78 41
33 34 42 44 100 35
34 35 31 92 88 23
4 5 6 20 34 56
30 31 55 99 30 97
45 46 26 2 81 24
12 13 0 29 42 98
31 32 49 36 47 64
10 11 43 13 13 57
8 9 3 64 7 62
28 29 49 14 39 55
18 19 27 93 59 10
9 10 59 1 100 9
16 17 21 8 76 34
44 45 0 95 87 58
38 39 39 99 2 29
23 24 52 31 61 35
25 26 55 91 37 77
37 38 46 58 54 40
13 14 13 97 60 10
15 16 24 1 9 2
26 27 1 26 81 25
11 12 37 85 53 80
27 28 8 1 90 10
30 21 5 24
9 10 6 26 2 38
27 28 25 61 43 47
11 12 14 96 15 21
7 8 3 47 18 33
25 26 44 17 76 8
14 15 29 93 78 37
12 13 39 72 8 24
8 9 48 49 82 100
22 23 12 20 29 91
21 22 56 49 46 67
19 20 40 67 80 99
17 18 59 3 41 24
0 1 24 73 90 56
23 24 25 69 18 89
15 16 17 56 56 36
1 2 31 18 5 95
5 6 48 54 53 91
24 25 29 74 28 6
18 19 18 34 92 33
13 14 20 36 78 65
28 29 4 35 58 37
52 46 17 23
46 47 49 47 65 64
30 31 55 42 2 30
8 9 12 9 40 28
31 32 7 30 100 91
19 20 4 77 97 75
27 28 58 8 86 29
50 51 32 57 53 23
10 11 43 62 77 42
39 40 28 93 86 25
20 21 18 9 14 95
26 27 17 34 54 32
40 41 11 12 97 77
0 1 47 62 53 41
25 26 57 34 76 43
24 25 32 62 48 37
33 34 50 95 49 6
47 48 40 82 98 62
43 44 11 73 45 88
4 5 13 67 19 70
41 42 57 19 27 90
16 17 35 91 2 59
45 46 15 19 68 72
17 18 36 57 35 1
48 49 51 21 25 26
42 43 29 14 43 69
2 3 12 21 45 0
21 22 34 88 40 57
1 2 7 63 39 66
35 36 4 68 64 27
28 29 42 26 56 80
9 10 17 31 59 67
12 13 47 5 84 64
44 45 2 43 23 24
23 24 40 49 85 70
14 15 58 83 97 35
5 6 46 44 15 62
7 8 16 67 87 27
49 50 44 37 47 22
11 12 5 74 65 69
15 16 32 36 83 69
6 7 9 83 42 68
34 35 4 54 46 96
18 19 52 91 86 9
3 4 35 61 67 14
22 23 8 77 52 63
37 38 29 14 10 70
100 80 21 96
41 42 12 35 16 6
32 33 11 2 44 21
60 61 58 54 95 88
28 29 35 50 74 56
24 25 8 83 12 40
29 30 15 48 5 50
90 91 17 57 67 27
80 81 13 1 1 52
75 76 59 98 46 13
37 38 14 22 90 98
77 78 37 73 95 67
1 2 44 6 98 18
3 4 9 34 42 89
46 47 44 71 38 8
70 71 9 34 37 70
85 86 3 97 47 28
30 31 10 90 77 80
66 67 4 53 86 30
10 11 46 96 35 80
98 99 29 62 82 21
83 84 16 4 16 82
11 12 21 17 99 31
96 97 28 42 86 46
81 82 24 32 53 10
38 39 28 18 83 66
53 54 31 50 32 69
67 68 56 10 57 71
8 9 49 70 51 69
17 18 1 16 28 10
23 24 20 95 47 68
88 89 52 63 96 8
44 45 40 30 79 3
58 59 22 96 9 54
84 85 50 60 84 52
95 96 20 92 50 12
5 6 6 58 69 68
73 74 20 6 59 14
33 34 19 83 59 77
27 28 35 74 25 51
19 20 51 36 54 78
56 57 7 23 62 46
68 69 44 23 68 76
18 19 25 51 76 70
82 83 55 27 35 63
15 16 20 28 40 40
39 40 48 50 58 13
26 27 33 81 23 33
31 32 32 53 30 71
9 10 54 16 89 42
50 51 45 85 68 26
22 23 15 58 47 100
65 66 42 52 29 38
21 22 6 23 22 89
74 75 0 57 8 73
57 58 30 24 96 94
25 26 49 31 38 74
87 88 41 12 22 63
64 65 33 37 33 65
92 93 56 56 40 74
42 43 14 99 93 39
43 44 51 56 18 76
48 49 0 49 7 34
16 17 47 74 52 1
20 21 21 75 26 40
76 77 25 71 40 59
45 46 17 91 28 45
91 92 7 11 3 22
40 41 34 93 87 78
35 36 13 49 98 1
51 52 18 55 7 12
89 90 5 21 100 29
71 72 37 86 1 24
14 15 41 8 64 16
97 98 46 64 65 100
86 87 44 57 98 30
54 55 7 80 74 97
93 94 59 81 81 63
59 60 1 10 6 6
69 70 28 97 29 54
34 35 52 96 84 98
100 64 9 57
49 50 28 34 50 85
48 49 49 36 76 73
30 31 43 29 32 27
76 77 17 99 71 9
37 38 57 21 59 52
82 83 15 69 49 99
26 27 46 30 30 4
1 2 39 42 60 63
46 47 57 95 90 42
64 65 35 15 75 51
18 19 25 19 68 18
79 80 40 25 28 39
10 11 17 58 100 65
25 26 44 89 12 29
92 93 1 76 85 36
0 1 35 100 32 57
71 72 26 30 27 5
54 55 51 84 52 90
96 97 34 27 5 25
74 75 6 46 11 64
94 95 11 91 53 18
83 84 59 48 79 26
14 15 22 3 81 12
81 82 57 32 96 1
42 43 4 2 23 34
90 91 10 78 51 27
62 63 42 79 76 51
41 42 57 19 90 47
8 9 22 24 13 40
6 7 18 47 77 51
3 4 35 94 42 85
65 66 40 17 24 57
97 98 53 14 64 32
39 40 39 8 63 39
4 5 47 66 9 94
67 68 58 27 66 33
66 67 54 24 43 77
50 51 57 61 73 15
98 99 18 39 40 91
75 76 43 82 1 95
57 58 16 46 46 82
15 16 46 38 99 96
89 90 47 29 92 68
45 46 47 85 73 96
38 39 22 23 16 39
35 36 9 87 80 69
19 20 31 56 53 37
86 87 51 79 94 39
85 86 41 99 74 19
13 14 29 80 8 80
2 3 8 48 65 5
40 41 43 2 27 18
17 18 22 91 37 62
72 73 13 95 24 86
58 59 51 20 20 66
77 78 23 49 4 47
22 23 36 36 51 59
16 17 49 22 87 22
33 34 5 83 22 72
31 32 4 89 80 37
87 88 38 46 86 94
23 24 4 71 33 75
32 33 18 92 87 52
84 85 31 35 57 63
100 65 53 79
31 32 8 17 14 40
45 46 45 25 15 63
60 61 6 44 24 26
6 7 21 52 94 31
85 86 57 64 61 8
78 79 31 4 45 15
83 84 28 6 27 78
67 68 32 97 34 90
10 11 10 42 73 35
32 33 18 66 84 91
79 80 48 59 59 46
95 96 51 20 97 42
30 31 35 83 100 47
56 57 50 42 45 76
91 92 7 35 2 81
43 44 41 63 82 77
89 90 47 100 13 92
47 48 9 28 22 83
52 53 23 3 56 53
17 18 44 12 4 59
66 67 22 65 49 15
53 54 56 63 82 46
58 59 59 54 71 80
48 49 16 6 23 22
69 70 50 41 4 12
75 76 36 9 90 96
81 82 4 22 46 80
90 91 11 70 70 74
20 21 23 20 100 20
35 36 0 75 68 81
24 25 28 55 19 69
49 50 27 77 93 47
46 47 26 76 77 49
7 8 17 75 35 39
72 73 42 87 41 37
18 19 9 41 22 49
25 26 1 66 5 54
94 95 22 76 36 34
86 87 47 44 64 40
57 58 16 61 79 96
38 39 37 23 66 16
51 52 7 65 7 64
84 85 1 35 73 80
93 94 27 14 22 70
5 6 6 67 89 69
40 41 53 47 57 100
26 27 4 83 59 9
71 72 9 93 88 25
77 78 53 88 40 99
28 29 23 9 23 57
41 42 24 70 30 14
12 13 32 25 68 35
42 43 36 62 29 91
74 75 48 70 25 11
50 51 44 46 73 69
23 24 39 70 39 75
98 99 9 7 35 94
11 12 25 28 50 5
29 30 51 20 73 88
8 9 52 28 34 73
87 88 48 38 99 96
36 37 26 31 21 68
64 65 8 13 55 95
76 77 57 11 69 62
15 16 10 60 5 94
100 94 0 99
18 19 52 20 44 3
39 40 40 4 35 41
22 23 8 74 7 93
36 37 55 96 85 55
15 16 31 6 26 71
29 30 24 24 17 14
20 21 31 23 52 19
76 77 32 31 69 32
62 63 26 25 55 90
24 25 39 98 35 32
68 69 33 43 17 58
53 54 4 74 12 18
27 28 13 56 89 22
88 89 49 78 55 93
0 1 33 12 51 51
40 41 12 68 98 76
72 73 3 99 27 86
44 45 30 56 35 47
74 75 26 45 74 2
2 3 4 26 1 29
80 81 18 60 79 0
7 8 47 75 76 93
94 95 37 55 86 52
69 70 43 100 29 35
64 65 1 63 98 70
75 76 38 52 87 56
13 14 12 38 84 60
11 12 12 44 23 7
30 31 29 59 21 7
19 20 24 4 99 40
91 92 29 99 23 28
46 47 45 65 92 1
79 80 44 44 38 10
16 17 20 79 60 8
65 66 1 87 35 99
97 98 56 45 45 56
87 88 27 51 78 58
61 62 29 3 1 41
47 48 32 29 1 30
93 94 14 11 94 19
6 7 27 97 78 8
85 86 43 91 79 19
31 32 12 54 94 30
37 38 28 27 96 78
48 49 18 24 95 51
51 52 41 45 85 96
49 50 18 57 62 6
77 78 20 51 66 79
70 71 41 75 29 97
66 67 49 78 48 89
10 11 58 19 39 24
92 93 31 70 50 56
5 6 10 31 20 46
35 36 32 17 63 71
55 56 59 34 49 97
57 58 11 60 75 78
33 34 50 57 94 47
81 82 57 8 31 18
58 59 27 91 13 5
3 4 16 10 81 75
14 15 11 23 50 93
98 99 15 84 89 62
83 84 59 52 23 7
28 29 45 87 72 64
9 10 43 70 61 39
41 42 8 30 46 96
38 39 1 3 84 9
96 97 31 55 49 21
78 79 31 99 36 17
26 27 6 22 95 36
45 46 11 100 10 19
59 60 24 48 89 95
67 68 52 90 31 73
54 55 48 87 26 49
73 74 59 43 52 75
32 33 13 81 91 67
42 43 52 97 60 54
21 22 2 6 62 2
43 44 37 47 7 51
25 26 53 47 35 79
17 18 56 34 69 11
1 2 2 90 56 10
52 53 57 66 21 48
63 64 49 18 55 1
90 91 46 25 35 73
8 9 31 47 36 48
95 96 8 47 80 36
56 57 16 83 98 16
86 87 15 67 78 57
89 90 8 58 50 16
34 35 30 9 73 13
50 51 59 35 52 85
60 61 12 34 28 24
71 72 8 12 43 34
100 69 0 99
8 9 10 30 20 43
88 89 22 40 86 26
0 1 34 41 72 47
49 50 24 6 61 42
57 58 32 16 17 12
33 34 1 46 68 43
15 16 17 15 74 8
96 97 47 62 55 64
59 60 57 53 13 76
1 2 18 97 91 49
42 43 52 51 69 92
22 23 59 17 46 47
58 59 14 21 75 0
76 77 13 37 71 59
80 81 22 36 44 3
19 20 12 8 53 70
84 85 29 2 33 9
63 64 51 40 18 73
53 54 58 28 84 55
44 45 27 54 78 6
3 4 37 78 72 45
25 26 3 93 99 23
54 55 6 17 20 98
41 42 32 38 62 15
39 40 12 70 26 28
83 84 44 95 34 95
95 96 20 53 58 59
28 29 59 33 95 81
31 32 19 12 63 30
77 78 59 45 30 74
40 41 32 85 69 81
64 65 9 46 40 91
81 82 37 35 56 24
91 92 52 68 5 15
45 46 14 17 96 42
10 11 54 53 99 85
93 94 0 62 19 36
32 33 28 67 54 56
14 15 37 57 7 45
9 10 37 74 63 52
86 87 42 32 79 54
74 75 23 9 99 33
18 19 43 24 30 63
11 12 42 99 70 22
94 95 52 78 25 78
97 98 28 26 79 25
60 61 46 56 39 30
26 27 7 16 19 79
67 68 40 39 62 74
48 49 40 39 94 88
72 73 42 86 100 98
29 30 59 69 11 31
46 47 15 88 51 0
47 48 28 30 25 95
16 17 15 10 63 33
37 38 23 63 39 35
17 18 18 100 36 18
13 14 14 4 77 34
92 93 26 15 76 37
21 22 57 4 10 12
73 74 34 87 84 85
23 24 27 7 97 74
87 88 13 51 43 54
61 62 20 60 82 21
52 53 45 11 72 45
5 6 1 68 18 99
12 13 36 26 1 3
55 56 35 74 30 50
6 7 24 54 59 51
