100
7 19 24 2
8 16 19 7
11 6 29 6
5 7 13 2
11 21 22 5
20 28 16 14
1 9 9 0
19 24 29 9
12 3 3 4
20 27 17 11
1 28 29 0
17 25 24 12
19 19 30 19
10 19 16 3
17 1 14 4
14 20 27 6
18 16 24 4
17 30 21 9
12 4 23 7
19 10 3 9
10 20 22 0
4 6 24 1
20 10 10 3
19 1 19 8
9 10 23 4
13 24 20 8
18 15 26 7
2 1 28 0
18 8 17 18
18 29 21 15
15 16 19 14
10 23 22 1
2 18 28 2
2 28 28 1
6 6 24 4
15 16 14 13
17 27 17 10
14 27 18 14
19 15 19 1
11 9 13 5
20 19 18 4
15 2 13 0
8 29 25 6
1 8 7 0
15 19 21 4
5 10 30 2
11 16 6 10
2 14 22 1
3 11 11 2
8 23 20 6
15 16 23 9
10 23 28 7
18 13 8 12
2 26 16 0
7 3 29 6
15 21 15 11
11 9 11 5
20 22 21 15
5 12 28 3
4 28 25 3
3 3 2 3
11 1 26 8
14 9 14 6
13 23 22 1
18 20 16 7
2 13 29 2
4 5 18 0
9 29 20 9
19 20 16 18
2 15 23 0
13 30 30 12
1 25 25 0
3 18 26 3
10 7 30 1
11 26 22 9
10 4 9 0
18 2 4 15
7 12 13 7
4 29 15 1
20 30 26 16
19 5 28 2
11 28 17 11
16 1 17 16
4 22 22 0
1 11 21 1
13 18 16 8
12 22 18 11
20 28 29 17
8 8 15 6
5 14 11 4
9 16 19 9
17 2 2 13
8 1 5 3
20 27 30 20
17 28 30 14
3 15 25 3
20 30 30 0
5 19 29 2
15 11 4 15
8 19 29 1
