100
11 5 28 4
13 29 25 4
4 3 16 2
7 26 27 6
3 20 8 2
12 10 27 2
9 8 28 3
16 2 20 8
20 1 29 1
16 26 29 5
5 4 11 0
10 23 27 3
16 2 6 7
17 21 25 1
15 22 28 9
17 7 1 13
14 19 22 10
15 17 24 2
8 10 23 8
2 23 27 2
2 17 23 1
5 16 11 3
14 17 16 14
4 23 2 3
14 21 26 6
19 24 29 18
14 20 30 2
5 16 25 1
20 28 18 7
10 20 17 5
18 19 16 16
17 6 16 11
20 25 17 12
1 1 15 1
9 18 22 3
20 27 30 20
1 13 30 1
6 24 28 2
17 12 11 15
5 8 23 0
12 21 17 8
20 30 30 0
10 16 19 9
18 2 1 7
19 3 24 3
18 24 15 0
8 16 24 3
18 10 22 6
8 29 23 6
14 8 13 9
2 14 14 2
17 2 1 14
7 10 17 5
19 17 18 2
17 22 11 14
1 4 24 1
20 13 18 5
4 19 28 0
5 16 17 1
19 28 22 14
19 19 30 19
11 1 10 9
3 27 13 1
8 24 23 3
14 5 26 5
9 26 16 6
9 29 20 9
15 18 22 0
13 23 21 4
18 10 15 15
7 6 9 2
20 20 17 15
4 20 23 0
1 15 15 0
20 20 22 13
17 18 9 10
12 19 29 5
5 12 25 4
9 25 29 8
6 15 26 0
1 11 12 0
7 28 23 6
8 11 26 5
12 4 24 1
1 4 21 0
19 19 26 9
18 22 29 13
15 23 28 3
3 9 18 3
15 30 16 0
1 19 18 0
17 12 21 14
11 12 10 7
6 13 23 0
20 6 20 1
20 3 30 18
17 7 25 14
6 19 25 6
17 2 15 15
1 11 11 1
