100
16 20 26 15
6 18 13 5
11 2 20 2
17 14 17 6
8 26 30 4
15 5 24 14
11 18 21 0
13 28 20 8
17 25 25 9
13 23 24 1
18 16 26 9
17 20 15 16
14 24 5 0
5 8 9 4
3 20 28 2
19 25 26 5
20 22 25 2
1 27 28 1
14 17 13 7
19 9 8 1
4 10 12 2
4 22 24 4
1 11 12 0
20 27 30 20
19 26 25 2
12 19 28 4
19 18 22 17
20 30 30 0
1 4 17 0
11 27 28 10
6 6 17 3
5 19 21 1
3 9 15 0
9 7 13 9
11 28 18 2
19 24 29 18
10 30 26 4
13 22 26 5
20 17 25 2
10 16 25 2
7 8 12 6
11 2 11 5
17 14 25 5
19 9 24 16
9 9 29 5
12 20 23 9
10 19 17 2
7 16 25 7
1 9 30 1
11 6 7 10
5 1 1 2
8 17 20 3
11 22 26 10
8 17 22 2
17 5 21 13
5 4 18 3
11 2 22 10
16 11 13 7
7 26 29 3
18 30 29 13
7 27 24 7
1 18 26 0
10 12 25 1
14 26 30 8
5 17 27 1
1 17 16 0
6 5 29 2
15 3 15 14
6 21 22 2
20 28 27 11
16 24 25 4
18 25 25 11
4 17 27 4
12 27 21 1
9 7 28 6
17 23 12 14
17 22 18 15
16 2 7 13
10 15 11 4
7 22 25 4
5 26 26 4
19 24 23 1
8 15 18 4
7 24 25 4
15 12 6 7
11 5 13 10
15 6 2 13
15 16 29 11
6 11 25 5
1 27 27 0
18 5 13 9
19 13 1 13
16 23 22 9
6 12 15 4
17 16 21 5
14 12 4 13
15 20 26 0
17 22 20 2
10 7 26 0
6 1 9 6
