0 , 0
119 , 119
1
0 , 0
0 , 0
407 , 407
0 , 0
0 , 0
2
356 , 356
128.308 , 128.308
384.836 , 384.836
154 , 154
0 , 0
3
68 , 68
87 , 87
6.25035 , 6.25035
0 , 0
0 , 0
4
29.17 , 29.17
13 , 13
58 , 58
255 , 255
5
231 , 231
231 , 231
145 , 145
156 , 156
136.386 , 136.386
6
260 , 260
336.295 , 336.295
159.671 , 159.671
23 , 23
357 , 357
7
0 , 0
8
0 , 0
9
0 , 0
10
0 , 0
0 , 0
11
0 , 0
131 , 131
0 , 0
0 , 0
0 , 0
12
0 , 0
0 , 0
56 , 56
13
0 , 0
0 , 0
193 , 193
185 , 185
0 , 0
14
0 , 0
15
0 , 0
0 , 0
16
0 , 0
0 , 0
241 , 241
219 , 219
510 , 510
17
0 , 0
128 , 128
59.2545 , 59.2545
0 , 0
18
0 , 0
19
205 , 205
54 , 54
184.737 , 184.737
0 , 0
361 , 361
20
0 , 0
0 , 0
71 , 71
56 , 56
21
188 , 188
56 , 56
65.2612 , 65.2612
0 , 0
22
0 , 0
0 , 0
0 , 0
23
0 , 0
0 , 0
0 , 0
64 , 64
36 , 36
24
391 , 391
667 , 667
523 , 523
657.835 , 657.835
25
0 , 0
26
0 , 0
0 , 0
27
0 , 0
28
0 , 0
29
0 , 0
0 , 0
30
15.8654 , 15.8654
0 , 0
0 , 0
0 , 0
0 , 0
31
0 , 0
0 , 0
67.7988 , 67.7988
100.352 , 100.352
55.6177 , 55.6177
32
0 , 0
0 , 0
33
26 , 26
0 , 0
229 , 229
34
0 , 0
0 , 0
0 , 0
0 , 0
35
189.859 , 189.859
0 , 0
6 , 6
7.99358 , 7.99358
36
84 , 84
20 , 20
119.434 , 119.434
148 , 148
231 , 231
37
0 , 0
0 , 0
38
128.241 , 128.241
263 , 263
312 , 312
39
59.0912 , 59.0912
314.931 , 314.931
296.166 , 296.166
307 , 307
171 , 171
40
14 , 14
0 , 0
41
0 , 0
42
21 , 21
174 , 174
174 , 174
0 , 0
2 , 2
43
0 , 0
0 , 0
0 , 0
31 , 31
44
37 , 37
69.2019 , 69.2019
0 , 0
0 , 0
73.8321 , 73.8321
45
0 , 0
0 , 0
46
0 , 0
0 , 0
0 , 0
53.4952 , 53.4952
47
0 , 0
0 , 0
0 , 0
0 , 0
130.404 , 130.404
48
223 , 223
195 , 195
0 , 0
243 , 243
222.711 , 222.711
49
0 , 0
0 , 0
50
0 , 0
0 , 0
0 , 0
51
0 , 0
0 , 0
52
0 , 0
35 , 35
0 , 0
0 , 0
53
0 , 0
165 , 165
54
0 , 0
0 , 0
55
163 , 163
27 , 27
0 , 0
0 , 0
56
0 , 0
57
88 , 88
120 , 120
11 , 11
0 , 0
58
330 , 330
427 , 427
330 , 330
0 , 0
0 , 0
59
0 , 0
30 , 30
0 , 0
40 , 40
22 , 22
60
0 , 0
0 , 0
147.376 , 147.376
0 , 0
0 , 0
61
113.282 , 113.282
0 , 0
0 , 0
62
0 , 0
0 , 0
191 , 191
63
0 , 0
0 , 0
64
0 , 0
129 , 129
65
127 , 127
90 , 90
7 , 7
0 , 0
66
0 , 0
0 , 0
0 , 0
67
0 , 0
68
289.546 , 289.546
101 , 101
290 , 290
2 , 2
314 , 314
69
0 , 0
70
0 , 0
0 , 0
71
0 , 0
0 , 0
72
114 , 114
0 , 0
0 , 0
73
0 , 0
74
40.7896 , 40.7896
0 , 0
0 , 0
0 , 0
75
0 , 0
0 , 0
0 , 0
76
0 , 0
77
0 , 0
0 , 0
78
134 , 134
111.283 , 111.283
79
27 , 27
104.175 , 104.175
0 , 0
165 , 165
80
232.303 , 232.303
150.498 , 150.498
195 , 195
81
0 , 0
82
0 , 0
0 , 0
282 , 282
83
2.37907 , 2.37907
285.642 , 285.642
294.261 , 294.261
84
100 , 100
247.5 , 247.5
0 , 0
309 , 309
85
54.3519 , 54.3519
177 , 177
0 , 0
0 , 0
86
0 , 0
0 , 0
0 , 0
0 , 0
87
0 , 0
0 , 0
88
0 , 0
55 , 55
25 , 25
0 , 0
89
103 , 103
0 , 0
90
82.0948 , 82.0948
0 , 0
146 , 146
197 , 197
0 , 0
91
0 , 0
0 , 0
0 , 0
6.5231 , 6.5231
0 , 0
92
83.6508 , 83.6508
0 , 0
0 , 0
409.85 , 409.85
0 , 0
93
0 , 0
219.279 , 219.279
0 , 0
0 , 0
0 , 0
94
0 , 0
71.9498 , 71.9498
20 , 20
4 , 4
65 , 65
95
322 , 322
0 , 0
39 , 39
322 , 322
298 , 298
96
435 , 435
55 , 55
0 , 0
228 , 228
225.898 , 225.898
97
535 , 535
535 , 535
98
0 , 0
99
265 , 265
265 , 265
100
