100
502303339947 600305 62
747217992277 269021 87
235162265462 691377 33
90283513018 981902 25
815706733942 170285 67
850374218273 616703 51
324918898133 77759 63
435397659977 928716 1
289613797667 744528 23
831046961825 967956 13
250054437005 71955 27
217386928961 442773 64
288698929504 446865 11
127078941151 919076 31
174414404401 892351 97
6412773241 908033 70
726387402473 178425 72
255088557825 488347 28
219078076995 28871 1
993064918967 127364 13
129224894296 64701 11
543115651101 913295 8
188865077728 414921 32
749173818545 248801 97
584329986673 205601 95
181392636356 934951 93
115242327041 566601 40
190386806819 819147 25
55027572569 784815 43
425482154886 682031 49
294544920401 516457 9
696401695219 606065 29
613935289181 998773 9
350132179133 214921 33
268721255796 845230 51
398984575701 569065 7
292913458853 173221 9
846681709861 568176 8
948948602509 697273 43
166385701259 437770 65
432059258419 154438 79
552115164832 681026 91
932110481073 594766 21
995795237944 582401 40
249563387735 581381 21
660290962365 692601 22
524112959355 599616 26
878983942251 945062 56
609017384513 786007 65
798528852641 524651 73
260829054385 283375 22
305799723441 636017 47
969861028509 67739 69
18055222571 552873 39
740378766161 199131 75
982865199331 729280 19
886850027184 644069 37
59534909193 141884 47
278637401961 35685 40
660222237089 447051 89
531995219697 709407 81
737139962626 837587 6
677184079738 896254 37
382149995047 367213 65
398631266745 731217 61
73447870849 607191 21
780896900149 318101 54
709373934897 521345 87
699400781582 287773 55
156971818391 268304 22
959437428651 468402 46
466591107400 715637 91
227188158061 179321 84
850477068375 319436 84
367874061601 203536 49
912355551001 279986 17
198275711361 277531 83
158363392593 993839 56
660112022279 425506 49
497390244499 315986 33
315752229753 321081 81
285341661681 757981 21
800788737606 270663 13
730988376333 507058 28
426165615279 457127 29
30308684385 487273 98
276285574249 110026 49
379398321907 262701 87
451870712879 420286 73
172114538141 996491 51
598461781655 274241 68
692687905717 803351 31
700842971389 663668 15
839739385425 199433 36
995570884721 932125 8
969556357761 896865 41
499631883406 829313 73
902662591577 432579 41
206005411161 732329 59
1000000000000 1000000 1
