70
3 1 90
14 7 61
4 7 11
3 7 73
11 3 63
1 6 57
1 10 41
5 8 5
1 7 76
16 1 33
12 9 1
3 5 4
1 1 90
13 7 1
13 3 41
19 1 15
11 1 36
9 1 82
18 7 12
13 3 39
5 1 41
9 7 71
1 3 21
1 3 50
8 9 61
11 5 85
16 1 76
5 5 81
14 1 53
17 5 91
5 7 35
18 1 41
1 8 75
11 5 2
6 5 33
5 5 35
1 1 56
7 1 70
15 3 6
1 9 69
17 8 49
6 9 12
12 1 89
1 1 94
2 5 67
13 1 19
1 7 77
1 1 25
16 5 69
9 3 21
2 1 1
17 1 5
1 1 71
11 3 96
11 10 81
9 9 61
9 1 1
9 1 29
11 3 97
1 1 85
1 6 74
1 1 1
1 1 21
11 8 81
11 4 76
13 4 41
4 6 12
11 1 1
19 7 92
1 1 6
